   2.5904501e+00
   3.3642258e+00
   1.2723300e+00
   2.1761078e+00
   1.9829854e+00
   3.0794515e+00
   3.3016830e+00
   1.9862633e+00
   4.6317654e-02
   2.9192665e+00
   6.1085588e+00
   3.5996017e+00
   2.5799174e+00
  -8.9156901e-01
   7.0810600e-02
   1.6708743e+00
   3.2642235e+00
   1.8579747e+00
   3.4767440e+00
   2.4194202e+00
   1.8465912e+00
   3.5396906e+00
   5.9455579e-01
   2.3293092e+00
   2.1760860e+00
   8.3114816e-01
   4.8957801e+00
   2.6141748e+00
   2.5669789e+00
   3.4943233e+00
   6.7117088e+00
   4.2767669e+00
   4.5600039e+00
   3.2304582e+00
  -1.1231830e-01
   6.2188937e-01
  -1.5969089e+00
   1.7473104e+00
   3.3397635e+00
   5.5348280e+00
  -2.2702122e+00
  -1.2679298e+00
   2.7544224e+00
   6.7438126e+00
  -1.5047666e+00
   1.3368562e+00
   1.4644084e+00
   4.3063205e+00
   2.9776654e+00
   1.7335186e+00
  -5.4324647e-01
  -4.6144437e-01
   4.3813480e+00
   3.0094016e+00
   1.4817166e+00
  -1.5302647e+00
   5.5765829e+00
   1.3744513e+00
   4.0839358e+00
   2.6091978e+00
   3.6319108e+00
   1.0015031e+00
   5.3874457e+00
   2.0001857e+00
   2.7789592e+00
   2.6409206e+00
  -4.5159821e-01
  -3.5368700e-01
   2.0990031e+00
   4.0711173e+00
  -8.5274592e-01
   1.1846004e+00
   3.9194550e+00
   1.9667103e+00
   1.8641363e+00
   2.8920686e+00
   5.0312437e+00
   4.9098966e+00
   1.2112138e+00
  -8.4950611e-01
   3.9255665e+00
   3.7228367e+00
   7.5544788e-01
   4.9200305e-01
   1.3779141e+00
   2.2663345e+00
   3.4014911e+00
   1.2183366e+00
   2.0301590e+00
   2.4287942e+00
   8.5150353e-01
   3.9887415e+00
   6.4418582e+00
   2.4285286e+00
   3.0368563e+00
   2.3088228e-01
   1.2245101e+00
  -1.4178642e+00
   1.5453324e+00
   3.1668802e+00
   1.2988627e+00
   1.0280553e+00
   1.9700363e+00
   3.4001143e-02
   4.1989667e+00
  -2.9241586e+00
   2.9952376e+00
   4.7292055e+00
   9.0882099e-01
   3.3298644e+00
   1.1721286e+00
   2.0958130e-02
   1.4825719e+00
   1.5841944e-01
  -2.1655614e+00
   3.3188272e+00
   5.4939525e+00
   2.2318633e+00
   1.3776708e+00
   3.0445301e+00
   4.5846536e+00
   4.3177137e-01
   1.6591899e+00
   3.9821229e+00
   2.6965205e+00
  -2.1174614e-02
   6.3568581e+00
   4.2931284e+00
   2.8608419e+00
   1.8405780e+00
   1.4696151e-01
   1.9250056e+00
   1.5561404e+00
   2.4865275e+00
   9.4868369e-01
   2.8494243e+00
   3.5654570e+00
   1.6217868e+00
   4.9504880e+00
  -8.8734927e-01
   4.1770769e-01
   2.4547165e+00
   2.0656805e+00
   1.1628442e+00
   2.2371711e+00
   2.9354880e+00
   6.9977191e-01
   2.7138874e+00
   3.2443929e+00
   2.1113142e-01
   3.9965258e+00
   2.1002158e+00
   7.2271580e+00
   1.7496830e+00
   1.1445497e+00
   1.5400681e+00
   3.0532346e+00
   6.4304699e-01
   2.7322407e+00
  -7.6398721e-01
   1.6962967e+00
  -3.1845608e-01
   4.5327414e+00
   2.6376960e-01
   3.2032430e+00
   9.2307260e-01
   5.3383440e-02
   1.1211368e+00
   7.6095166e-01
   4.8157159e+00
   2.1700996e+00
   2.0817159e+00
   2.1348783e+00
   2.3042023e+00
   2.1804751e+00
   9.4664885e-01
   2.8847397e+00
   1.4058574e+00
   2.2181032e+00
   7.1446214e-01
   2.7986713e+00
   4.3702761e+00
  -2.6720018e+00
   3.0086448e+00
   2.5914424e+00
   3.9644484e+00
  -1.0467808e+00
   2.2077277e+00
   2.9803323e+00
  -8.5244802e-01
  -1.0099788e-01
   2.2050135e+00
   1.4770154e+00
   2.6883957e+00
  -4.8084533e-01
   4.1066168e+00
  -4.0167296e-01
   1.4529497e+00
   2.5430377e+00
   4.4038342e+00
   3.2202220e+00
   3.4619382e+00
   2.4877252e+00
   9.0689945e+00
  -4.1860370e-01
   1.2877385e-01
   2.2738371e+00
   2.6630255e+00
   3.7466328e+00
   5.5881568e+00
   5.3834223e+00
   1.5442185e+00
   1.7558509e+00
   1.7779854e+00
   2.9318410e+00
   2.8892272e+00
   5.3186938e+00
   5.9444690e+00
   3.5946342e-01
   4.9271006e+00
   1.4232312e+00
   4.4894145e+00
   3.3971285e+00
   3.5929382e+00
   8.3727844e-01
   4.4844995e+00
   3.2276128e+00
   1.1447061e+00
   3.5091699e+00
   6.3767371e+00
   5.3272618e-01
   4.0547962e+00
   7.5350289e-01
   9.5070259e-01
  -1.3352047e-01
   2.5480067e+00
   1.0719818e+00
   3.8261426e+00
   1.2474680e+00
   9.9416011e-01
   1.7839323e-01
   1.3238251e+00
  -1.8316055e+00
   3.9615239e+00
   5.6361661e-01
  -1.2965951e+00
   1.2875162e+00
   2.8324109e+00
   1.7650133e+00
   3.1778937e+00
   3.2097518e+00
   2.6070216e+00
   3.9159818e+00
   1.0446872e+00
   2.0400778e+00
   1.2818420e+00
  -8.6169399e-01
   1.8711088e+00
   4.6260826e-01
   2.6439544e+00
   1.6272322e+00
   5.1551970e+00
  -8.6409076e-01
   8.7494493e-01
   4.5625795e+00
   3.2344142e+00
  -1.6934886e+00
   2.7388083e+00
   3.8736719e+00
   3.3932381e+00
   3.1689446e+00
   2.2285334e+00
  -2.4303230e-01
   1.7926824e+00
   2.9633195e+00
  -1.8330555e+00
   3.6527123e+00
   2.5260922e+00
   2.1540913e+00
   3.6155369e-01
   2.2603014e+00
  -1.0694168e+00
   1.0303667e+00
  -1.8779604e+00
   5.5237919e+00
   5.0716811e-01
  -2.0342429e+00
   1.9774407e+00
   2.4509042e+00
   4.7077542e+00
   1.6876747e+00
   4.7652414e+00
   7.3324828e+00
   1.4949551e+00
   1.4043218e+00
   3.9472116e+00
   3.6204922e+00
   1.0582494e+00
   6.3512647e+00
   4.2795885e+00
   2.0970157e+00
   4.4469479e+00
   5.3582733e-01
   3.2247577e+00
  -3.4324564e-01
   4.3535694e+00
   2.8054188e+00
   4.2286968e+00
   3.0263565e+00
   2.2869227e+00
   1.3194795e+00
   3.1915687e+00
   9.8037821e-03
  -3.8959337e-01
   2.5290689e+00
   2.6791468e+00
   1.7079416e-01
   3.8489896e-01
   2.8555311e+00
   1.4870471e+00
   4.1274093e+00
   2.9783543e+00
   4.5732905e+00
   4.8444386e+00
   3.6826909e+00
  -1.9582703e-01
   4.4957866e+00
   3.9849581e+00
   5.0878421e+00
   5.9885705e-01
   1.2878988e+00
   2.5005070e+00
   5.0893716e+00
   2.4475891e+00
   4.6218702e+00
   9.3356788e-01
   3.6205630e+00
   3.0953329e+00
   3.0369004e+00
  -8.4985348e-01
   5.7750771e+00
   3.6214421e+00
   2.2844034e+00
  -8.0114671e-01
   3.4997372e+00
   3.3712502e+00
   2.8797940e-01
   9.2603233e-01
   3.6648040e+00
   1.3199617e+00
   2.7879048e+00
   4.8368728e+00
   4.4831956e+00
   2.7307516e+00
   2.6528745e+00
   1.0330949e+00
  -2.0328272e+00
   3.2044610e+00
   3.8145838e+00
   2.4386529e+00
   2.5984506e+00
   8.9584186e-01
   2.1056712e+00
   4.5467097e+00
   3.5150379e+00
   3.3684389e+00
   3.3449476e+00
   1.2168173e+00
   7.1698271e+00
   4.7832949e+00
   1.5846420e+00
   6.1550725e+00
  -1.0058243e+00
   1.7675587e+00
   1.7979994e+00
   2.5314925e+00
   5.1944601e+00
   5.7363927e+00
   5.6761293e+00
   6.0665762e-01
   2.3673275e-01
  -3.1773302e+00
   2.5283651e+00
   3.8318324e+00
  -3.7155511e-01
   2.2718714e+00
   3.5147586e+00
   2.2513205e+00
   2.0397213e+00
   1.3517768e+00
   1.4469208e+00
   5.1589193e+00
   5.8122440e+00
   1.9320433e+00
   1.5223236e+00
  -6.7689467e-03
   3.1412606e+00
   1.7140663e+00
   2.6666619e+00
   2.7134697e+00
   3.2079652e+00
  -1.2279482e+00
   1.9674856e+00
   4.4051534e-01
   5.1944478e+00
   1.6938533e+00
   2.7734894e+00
   1.9632672e+00
   4.1318148e+00
   4.2360744e+00
   5.0318704e+00
   4.1508371e+00
   9.7869740e-01
   4.6418825e+00
  -5.5305944e-01
  -4.7592269e-01
   3.0956544e+00
   2.6931668e+00
  -1.0363028e+00
  -6.8926336e-01
  -9.8801393e-01
   2.4533646e+00
   2.3624720e+00
   8.7495204e-01
   2.7259431e+00
   4.3594524e+00
   1.4026334e+00
   1.0820966e+00
  -1.3411005e+00
   3.0703580e+00
  -2.3886270e-01
   1.3547545e+00
  -3.4539343e-01
   1.9884784e+00
   4.8390965e+00
   9.3899572e-01
   3.3977316e+00
   2.0278817e+00
   1.9369626e+00
  -3.1779715e-01
  -1.8881952e+00
   1.3201796e-01
   2.8227989e+00
   2.8494479e+00
   6.3455503e+00
  -1.6071726e-01
   3.5094852e-02
   3.0277365e+00
   3.6720221e+00
   1.4366477e+00
  -1.4730378e+00
   4.8380512e+00
   1.0896206e+00
   3.4940638e-01
  -1.9629119e+00
   1.4227996e+00
   5.6952088e+00
   6.0705486e+00
   1.6719408e+00
   8.8250371e-01
   4.1791377e+00
  -5.7996317e-01
  -3.4813775e-01
   3.2350177e+00
   5.4827943e+00
   5.1788561e+00
   3.3918987e+00
   3.7497288e-01
   1.0792217e+00
  -1.0010304e+00
   1.9001594e+00
   3.5241690e+00
   5.5697808e+00
   1.9342801e+00
   1.4629343e+00
   2.6285788e+00
   2.9324195e+00
   3.0346472e-01
   3.2704192e+00
   1.8893147e+00
   6.4977069e-01
  -5.4792420e-01
   3.7021675e+00
   1.7133560e+00
   2.3088492e-01
   2.4188834e+00
   6.4971319e-01
   2.2200021e+00
  -9.2187489e-01
   2.9660698e+00
   2.8657208e+00
   1.4183990e+00
   4.2968570e+00
   3.3792757e+00
   4.7843589e+00
   1.4145440e+00
   3.3984386e+00
   2.2736259e+00
   2.4554998e+00
   3.6993500e+00
   2.3606341e+00
   2.5126264e+00
   3.6133005e+00
  -2.2846966e-02
   4.5642004e+00
  -8.9993479e-01
   2.1089920e+00
   4.0851526e+00
   5.4172398e+00
   3.1631280e+00
   4.3745523e+00
   2.9692461e+00
  -2.0880726e+00
   3.4742983e+00
   4.8323061e+00
   7.8694585e-01
   2.1469815e+00
   4.1409588e-02
   2.9000452e+00
  -2.3069498e-01
   5.7504064e+00
   5.1841589e+00
   1.8940984e+00
   2.1817087e+00
   4.5161346e+00
   1.2129335e+00
   9.4891266e-01
   4.8144157e+00
   9.7293015e-01
   2.0135904e-01
   2.9376322e+00
   4.2463959e+00
   2.7641097e+00
   2.4257593e-01
   3.6935343e+00
   1.9191699e-02
   4.6502722e+00
   5.5101039e+00
   4.2491738e+00
   3.1655592e+00
  -1.0048801e+00
   3.4663953e+00
   2.8447294e+00
   4.6336556e+00
   6.4656182e+00
   4.2030418e+00
  -1.8991264e-01
   1.7176254e+00
  -4.3059332e-01
  -7.7568456e-01
  -1.5447112e+00
   2.9018535e+00
   2.5680041e+00
   2.2543412e+00
   3.0916611e+00
   1.4365704e+00
  -4.5938695e-01
   2.7247285e+00
   6.0591166e+00
   2.1620352e+00
   4.7679665e+00
   1.5101716e-01
   7.0283316e-01
   2.8010004e+00
   6.8156382e-01
   1.0113766e+00
   1.6607432e+00
   2.9150165e-01
   4.8028847e+00
   2.9981403e+00
   1.8580172e+00
   4.6975440e+00
   1.3493035e+00
   5.3988422e+00
   4.2469795e+00
   1.4962944e-02
   4.7859937e+00
  -9.0790490e-01
   2.6596545e+00
   6.9180884e-02
   2.2879884e+00
   2.0645318e+00
   2.2252645e+00
   3.2516513e+00
   4.1991092e+00
  -1.1844831e-01
   5.2208065e+00
  -1.4727260e+00
   3.7173481e+00
   3.5787878e+00
   5.7571495e+00
   2.6285066e+00
   1.2347623e+00
   9.3465955e-01
   3.0496442e+00
   4.8590842e+00
  -1.8796031e-01
   2.3577208e+00
   1.7523699e+00
   6.8145339e-01
   1.2507675e+00
   4.3447269e+00
  -8.7011328e-01
   1.5823372e+00
   2.1766846e+00
   2.6918353e-01
   3.3988154e+00
   1.9468748e+00
  -2.1354727e+00
   3.7381517e+00
  -3.1747518e+00
   6.5057930e-01
   2.8548809e+00
  -1.3814523e+00
   1.7272980e+00
   1.9126249e+00
   2.2052988e+00
   1.2268216e+00
   3.0964615e+00
   1.3840622e+00
   3.3559513e+00
   1.7049663e+00
   1.8899715e+00
   1.6171939e+00
  -1.9503640e-01
   3.0695382e+00
  -3.1058896e+00
   3.0957598e+00
   4.6775329e+00
   2.6634093e+00
   3.4090284e+00
   1.0647366e+00
  -4.6956589e-01
   2.7261074e+00
   3.1599884e+00
   8.4008533e-01
   7.0361775e+00
   3.3713137e+00
  -1.8304031e+00
   1.4514133e+00
  -1.3015091e+00
   3.3593696e+00
  -1.0905674e-01
   1.6263558e+00
  -2.6735813e+00
   1.8691476e+00
   1.0911306e+00
  -3.5212356e-01
   3.6440555e+00
   4.2170978e+00
   6.4080142e+00
   3.2357714e+00
   3.9398173e+00
   9.9872607e-01
  -1.2026934e+00
   1.4769703e+00
   5.4526411e-01
   2.2478384e+00
   5.0355481e+00
   2.2360446e+00
  -5.0846469e+00
   1.8254901e+00
   3.0672162e+00
   2.6887632e+00
   5.7994623e+00
   3.2085997e+00
   5.1040088e+00
   2.8452303e+00
   4.6211126e+00
   2.6362123e+00
   3.6902353e+00
   2.7210967e+00
   6.5908098e-02
  -6.5250575e-01
   2.3940709e+00
   3.8133605e+00
   9.4657945e-01
   2.4203253e+00
   5.6728940e+00
   5.4642998e+00
   1.7384003e+00
  -8.1170898e-01
  -1.2915526e+00
   2.8939883e+00
   2.2567890e+00
   1.3476172e+00
   1.1840734e+00
   2.3979900e+00
   2.9098579e+00
   2.4422465e+00
   2.8580153e+00
   4.2130215e-01
   3.2377257e+00
   2.5825374e+00
   2.6041969e+00
  -3.5169057e-01
   5.3964363e+00
   4.4342060e+00
   4.1335498e-01
   2.0115247e+00
  -2.7600698e-01
   5.8770270e-01
   1.3095747e+00
  -1.8781956e-01
  -1.6451694e+00
   1.2328302e+00
   8.1658887e-01
  -4.7385599e-01
   3.8057943e+00
  -9.8618342e-01
   1.8154770e-02
   1.7997288e+00
   1.1900283e+00
   3.1079095e+00
   1.0348117e+00
  -1.1720502e-01
   4.2201123e+00
   1.5257268e+00
   3.1541336e+00
   2.2292131e+00
   4.8801626e+00
   2.9336974e+00
   2.2068708e+00
   3.3182513e+00
   3.6686913e+00
   4.1913019e+00
   3.7868131e+00
   3.0723598e+00
   1.6498242e+00
   8.2998623e-01
   3.1166620e+00
   1.0027319e-01
   2.8825291e+00
   1.7724539e+00
   3.0705842e+00
   2.1978817e+00
   4.1369672e+00
   3.8154829e+00
   2.9097295e+00
  -1.3664484e+00
   4.2244973e+00
   2.4447878e+00
   1.6546607e+00
  -2.3083402e+00
   2.3270770e+00
   1.4795043e+00
   1.1221308e+00
   3.1316396e+00
   9.5064986e-01
   3.3326184e+00
   6.7295467e-02
   4.8565915e-01
   5.9286091e-01
   4.1508925e+00
   2.0323572e-01
   1.6849343e+00
   3.1877818e+00
  -1.2814678e+00
   2.7353659e+00
   4.8277581e+00
   3.5345800e-01
   1.1057067e+00
   1.8410205e+00
   3.7380362e+00
   3.9635449e+00
   1.2668340e+00
   2.0822704e+00
   2.3683099e+00
   1.6557982e+00
   2.7651272e+00
   2.8941686e+00
   2.1596036e+00
   3.8995058e+00
   2.6769492e+00
   2.3637737e+00
   1.3145481e+00
   3.1746026e+00
   3.2027246e+00
   4.2476467e+00
   5.9297751e+00
  -4.6805648e+00
   1.0199604e+00
   1.8872990e+00
   2.1556505e+00
   1.9939797e+00
   1.4111068e+00
  -1.9185239e+00
   1.5443597e-01
   3.5452210e-01
  -3.6532734e-02
   1.9518240e+00
   1.7472303e+00
  -1.1799723e-01
   5.4577290e+00
   1.9824723e+00
  -5.3237096e-02
   9.1816881e-01
   3.2104082e+00
  -7.2407896e-01
  -1.1378016e+00
  -1.9044296e+00
   4.5478689e+00
   3.0777873e+00
   3.5580476e+00
  -4.0561385e-01
   5.0490181e+00
   2.6664066e+00
   3.6077543e+00
   1.4958485e+00
   5.0682658e-01
   8.4356965e-01
   4.5046336e-01
  -9.5984275e-01
   1.9887252e-01
   2.6241153e+00
   7.9699309e-01
   1.1318306e+00
   1.2994626e+00
  -1.1846502e+00
   4.1841175e+00
  -7.7928177e-02
  -1.4015466e+00
   3.4399720e+00
  -3.4908403e+00
   2.0169667e+00
   1.5062334e+00
  -2.8093555e-01
  -9.8202913e-01
  -2.5805248e-02
   6.8514129e-01
   4.1758521e+00
  -1.2109039e+00
   2.6221180e+00
   3.4182751e+00
   2.7322760e+00
   4.9679483e+00
   2.0716554e-01
   3.8107801e+00
   5.5227877e+00
   4.8929060e-02
  -8.9466014e-01
   3.4356293e+00
   5.5916190e+00
  -1.1356069e+00
   2.4861298e+00
   3.1860298e+00
   2.3996785e+00
   2.4940600e+00
   2.5977858e-01
   1.6989100e+00
   2.5938740e+00
   2.3934663e+00
   1.4552945e+00
   4.1811889e-01
   5.5710784e-01
   5.6488298e+00
   4.2932592e+00
   6.6292063e+00
   2.0592700e+00
   1.1858311e-01
   6.7351746e-01
   3.7322695e-01
   2.1191072e+00
   6.0739012e+00
   4.8318893e-01
   6.2965743e-01
  -1.6448804e-01
   2.4356845e-01
   8.6647357e-01
   4.7675904e+00
   2.7801163e+00
   2.6286366e-01
   1.9061016e+00
  -1.1172227e-01
   1.2654283e+00
   2.6480605e+00
   3.8137589e+00
   3.7913143e+00
   4.7330702e+00
   3.4485180e+00
   1.6008559e+00
   1.8423954e+00
   1.8412915e+00
   3.7385930e+00
   3.8324496e+00
   2.1706492e+00
   3.1774298e+00
   2.3841926e-01
  -4.8222543e-02
   2.3381465e+00
   4.4220588e+00
   1.1766365e+00
   5.3883584e+00
   2.2953635e-02
   1.5520849e+00
   5.1233470e+00
   5.3533216e+00
   3.4469795e+00
   1.9456775e+00
  -9.7389440e-01
   2.6259389e+00
  -2.3744973e-01
   6.3148231e-01
   4.7686075e+00
   2.5951336e+00
   5.7470471e+00
  -1.7986394e+00
   5.2218272e+00
  -8.5916065e-01
   6.9856466e+00
   3.1986657e+00
   7.6236872e-01
   3.8803662e+00
  -1.1786398e+00
   1.3786154e+00
   4.7293995e+00
   3.2320374e+00
   1.3587679e+00
   2.4378436e+00
  -1.1014685e+00
   2.9946715e+00
   6.3830939e-01
   4.7065176e+00
   1.1053758e+00
   2.7663071e+00
   1.1755002e-01
  -7.0807958e-01
   1.7381098e+00
   1.7728059e+00
   6.0711764e-01
   1.0186958e+00
   5.3841038e+00
   2.7633356e+00
  -1.3404728e-01
  -3.3908162e-01
   8.2754208e-01
   2.9640196e+00
   1.1046010e+00
   2.8948917e+00
   2.4171412e+00
   3.1981216e+00
   4.9844388e+00
   4.5014545e+00
   1.3674436e+00
   5.1025869e-01
  -2.0524702e+00
   3.6268244e+00
   3.1377572e+00
   3.6317496e+00
   2.9342285e+00
   6.3087938e-01
  -3.7761441e-02
   6.5644509e+00
   2.6639607e+00
   3.1046263e+00
   3.9125044e+00
   2.0546343e+00
  -2.9111326e-01
   7.1942883e+00
   5.4651655e-01
  -4.2861727e-01
  -2.8425038e-01
   2.4919748e+00
   2.5620322e+00
   1.1261198e+00
   2.7496975e+00
   1.7226471e+00
   3.6469098e+00
   5.1204675e+00
   1.9941559e+00
   5.6380032e+00
   2.8079226e+00
   4.3225300e-01
   2.4939936e+00
  -2.6900049e+00
  -3.6837151e-01
   2.4985750e+00
   2.7112524e+00
   5.4850259e+00
  -1.4449125e-01
   2.0914327e+00
   4.4698549e+00
   1.3766464e-01
   5.5243523e+00
  -3.4347272e-01
   1.6313762e+00
   1.2240045e+00
   4.2690041e+00
   7.7480991e-01
   1.9244109e+00
  -1.3347406e+00
   6.5365517e-01
   2.8146138e+00
   2.4773780e+00
   3.4771607e+00
   3.4563790e+00
   2.8915440e+00
   7.2604730e-02
   7.6927981e-01
   2.3359963e+00
   5.9832432e+00
  -3.5061307e+00
   4.3880289e+00
  -4.8367970e-01
   4.4027851e+00
   3.3502152e+00
  -2.2845701e-01
   9.3441033e+00
   1.0363673e+00
   3.2597608e+00
   4.5278511e+00
   7.1975163e-01
   5.3705852e+00
   3.2673353e+00
   7.4846342e+00
   6.0864823e-01
   3.5300752e-01
   2.2423410e+00
   5.6728849e+00
   4.0439453e+00
   1.6347065e+00
   1.2441748e+00
   2.0460517e-01
   2.4599858e+00
   4.1765239e+00
   2.6151457e+00
   3.9797947e+00
   1.3339286e+00
  -2.1459191e+00
   2.1771154e+00
   4.6501576e+00
   4.9390689e+00
   3.0444305e+00
   3.6538896e+00
   3.5332638e+00
   2.7186810e+00
   1.5933718e+00
   2.3652651e+00
   3.6531403e+00
   3.6381537e+00
   4.4579197e+00
  -9.5616403e-02
   3.6786998e+00
   6.6643478e-01
  -2.5426830e-01
   2.4682623e+00
  -6.4680771e-01
   2.0812086e+00
   1.4183710e+00
  -2.1877820e+00
   3.6026097e-01
   3.5503622e+00
   1.7208168e-01
   5.8462242e+00
   8.6445519e-01
   2.2746500e+00
   2.2671648e+00
   2.7945230e+00
   1.2081165e+00
   6.1543671e-01
   1.6738981e+00
   4.8233221e+00
  -1.3198366e+00
   3.0275708e+00
   6.6031688e-01
   3.8337812e+00
   2.1002338e+00
   9.8720573e-01
  -1.1797573e+00
   7.6432179e+00
   5.8558690e-01
   5.7210015e+00
   1.3445770e+00
   2.4036328e+00
   4.2883368e+00
   1.9551313e+00
   2.3086980e+00
   6.4854189e-01
   3.8195559e+00
   3.1571437e-01
  -3.0773794e+00
   2.2426495e+00
   9.8523557e-01
   1.0324225e+00
   2.9700893e+00
   2.0899096e+00
  -1.3885551e+00
   1.5008519e+00
   2.1997090e+00
   1.2268935e+00
   6.5853449e-02
   3.8164255e+00
   1.8563071e+00
  -8.0643837e-02
   3.5471860e+00
   8.6438381e-02
  -2.6942690e-01
   2.8616559e+00
  -2.2394360e+00
   1.1492692e+00
  -1.4635221e+00
   1.6488154e+00
   1.9580503e+00
   1.4430846e+00
  -2.1675941e+00
   1.2651949e+00
   3.1993505e+00
  -5.9911334e-01
   7.0838495e-02
   3.3893585e+00
  -1.5310873e-01
   1.1869969e+00
   5.2378584e-01
   1.2380673e+00
   3.1548134e+00
   1.0131682e-01
  -4.8446534e-01
   2.8916168e+00
   4.9010843e+00
   7.8054710e-01
   2.3249857e-01
   3.4959022e+00
   2.3697254e+00
  -9.5288017e-01
   2.9035386e+00
   8.4647580e-01
   9.5252161e-01
  -3.5784146e-01
   3.5382531e+00
  -6.9314704e-01
   3.3661584e+00
   1.3317246e+00
   2.4282603e+00
   2.1561293e+00
   4.4479117e+00
   8.0614652e-01
   2.6273790e-01
   3.2871656e+00
   2.1624646e+00
  -2.4843801e+00
   5.0345672e+00
   2.0130857e+00
   2.3857848e-01
   4.6643403e+00
  -4.6551413e-01
   1.0916268e+00
   5.8810938e+00
   1.1457836e+00
   3.2781483e+00
   1.9768328e+00
  -1.3072081e+00
   4.4252266e-01
   5.7885737e+00
   2.2248963e+00
   3.0631520e+00
   2.7242559e+00
  -5.7434695e-01
   1.3856983e+00
   8.4801905e-01
   3.4881470e+00
   2.4285291e+00
   2.0372406e+00
   1.8439381e+00
  -2.9526196e-01
  -5.8041548e-01
   4.5619614e+00
   3.3407575e+00
   2.2582182e+00
  -1.8634025e-01
   5.0086312e-02
  -1.7110890e+00
   4.6995941e+00
   2.0640981e+00
   9.6805177e-01
   1.0768619e+00
   2.2979295e-01
   2.0148829e+00
   1.1150288e+00
   2.7523446e+00
   5.2353861e+00
   9.9042849e-01
   5.7755813e+00
  -3.0674588e+00
   3.5524097e+00
  -1.6876915e+00
  -1.1418064e+00
  -1.2928858e+00
   3.5205622e+00
   6.5037841e-01
   2.3319936e+00
   8.8077475e-01
  -9.5404566e-01
   1.8103251e+00
   6.6854712e+00
  -3.5705459e-01
   2.5024197e+00
   2.2701149e-01
   4.8099777e+00
   4.1842237e+00
   4.8163883e+00
   3.5369350e+00
  -4.0444244e-01
   7.3625503e-01
   2.4837494e+00
   1.5707423e+00
   2.0570138e+00
   1.5665923e+00
   1.1057494e+00
   7.9257342e-01
   1.8978475e+00
  -1.8699407e+00
   3.5292762e+00
  -2.6359097e-01
  -1.7596410e+00
   6.7332736e+00
   2.0623038e+00
   4.3565278e+00
   3.1958130e+00
   2.6016201e-01
   2.2941056e+00
   2.5115034e+00
   1.1600141e+00
   3.9247319e+00
   4.4841520e+00
   1.3093362e+00
   5.3976939e+00
   2.4795495e+00
   8.2151510e-01
  -1.2238032e+00
  -4.2281492e-01
  -2.3800667e+00
   2.9430441e+00
   2.7342535e+00
   1.5867876e+00
   4.4604645e+00
   5.1508765e+00
  -9.5577888e-01
   2.8422978e+00
   1.9300882e+00
   1.1966959e+00
   1.0689614e+00
   3.6408479e+00
   2.3156152e+00
   2.3187511e+00
   1.8923827e+00
   1.9525150e+00
  -1.4461635e+00
   3.8086145e+00
   3.0301270e+00
  -1.7416196e-01
   1.0768241e+00
   3.0960264e-01
   1.7172120e+00
   2.0349532e+00
   1.5497722e+00
   3.9022015e-01
   1.7185173e+00
  -9.5237285e-01
  -2.0365865e+00
  -1.0952495e+00
   2.1395056e+00
   3.5899336e+00
   4.3611729e+00
   3.0016019e+00
   8.8961713e-01
  -1.2620400e+00
   1.8780241e+00
  -9.6655451e-02
   1.2322045e+00
   1.7110385e+00
   4.0617000e+00
   2.5563518e+00
   1.5380680e+00
   1.6798317e+00
   3.3590251e+00
   2.4914008e+00
   3.1857417e+00
   2.4069873e+00
   1.8203348e+00
  -2.3838327e+00
  -2.6129587e+00
   2.7481430e+00
   6.4653475e-01
   6.8768026e-01
   3.7041101e+00
   2.1048322e+00
   1.3404974e+00
   3.6249223e-01
   4.1948257e+00
  -2.4221727e+00
   2.8105003e+00
  -8.7866291e-01
   3.3823529e+00
   3.1269815e+00
   5.5487742e+00
   2.1038081e+00
  -9.9266440e-02
   1.3482163e+00
   1.8642194e+00
   3.8478802e+00
  -9.4526545e-01
   3.9463630e+00
   4.5798522e+00
   3.3445587e+00
   2.4988718e+00
  -2.3418554e+00
   2.1536653e+00
  -4.9953076e-01
   3.5752602e+00
   1.2815584e+00
   2.1530729e-01
  -5.2129236e-01
   3.2797639e+00
   1.0782701e+00
   2.3677978e+00
   3.4527316e+00
   1.0357357e+00
   3.0534586e+00
  -1.5487754e+00
   4.9752406e+00
   9.9087544e-01
  -6.3467089e-01
   3.1683488e+00
   3.7006639e+00
   1.9212348e+00
   3.1721385e+00
  -3.7317550e-01
   5.0418458e+00
   1.0929111e+00
   4.9135053e-01
   1.0448025e+00
  -1.3194585e+00
   1.4291395e+00
  -9.5430296e-02
  -4.2892661e-01
   2.7853108e+00
   2.2122837e+00
   8.6614900e-01
   4.6548165e-01
   2.6824245e+00
   2.9510359e+00
   1.4811642e-01
   1.8700971e+00
  -6.5400218e-01
   3.2860910e+00
  -1.8276088e-02
   2.8384274e+00
   3.8189630e+00
   1.3469144e-01
   9.4993004e-01
   2.4428548e+00
   2.2027222e-01
   3.9058100e+00
   3.8290371e+00
   4.8200061e-01
   2.6599902e+00
   2.3754172e+00
   3.0588243e+00
  -6.7542734e-01
  -1.2895023e+00
  -1.1796482e-01
   5.6836254e+00
   2.5470969e+00
   9.4417394e-01
   1.7063722e+00
   2.2814517e+00
   4.2117255e+00
   2.3929067e-01
   2.3380953e+00
   5.5659131e-01
   6.0605183e+00
   2.2170584e+00
   2.3373789e+00
   1.0762391e+00
   2.8915484e+00
   2.8455732e+00
   2.8322999e+00
   6.5906454e-01
   2.9914178e+00
   4.6157311e+00
   3.2592392e+00
   2.2514888e+00
  -1.9860379e-01
   6.1917321e-01
   3.1839682e+00
   2.5428973e+00
   3.1082707e+00
  -6.0218911e-01
  -1.7539175e+00
   4.1130435e+00
   4.7026477e+00
   1.5109316e+00
   4.2200463e+00
   3.8533168e+00
   5.8761726e+00
   5.8473682e+00
   2.2512251e+00
   2.7769022e+00
   3.1577074e+00
  -1.1846846e+00
   3.9484633e+00
   8.7116594e-01
   2.5340936e+00
   3.6380498e+00
   2.5881807e+00
   4.6046566e-01
  -2.4336372e-01
  -1.7604620e+00
   4.0496156e+00
   1.0581885e+00
   1.4181536e+00
   1.7500551e+00
   1.6348024e+00
  -1.4844066e+00
   3.0182565e+00
   9.4048104e-01
  -2.3973449e+00
   2.3058219e-01
   3.1369945e+00
   1.8519686e+00
   1.8434328e+00
   2.6756115e+00
   5.2631870e+00
   2.5469976e+00
   1.5530528e+00
   6.8535165e-01
   3.8545756e-01
   4.2226428e+00
   1.7794373e+00
  -7.2104313e-01
   2.5490995e+00
   7.0004231e-01
   1.2570347e+00
   6.2381756e-01
  -2.9097303e-01
   4.0788523e-02
   3.1417965e+00
   2.9934952e+00
   1.5761286e+00
   3.5827515e-01
  -2.3646090e+00
  -1.2160574e+00
   6.4309854e-01
   3.7297884e+00
   4.4214729e+00
   2.5452583e+00
  -6.2500832e-01
   2.7631348e+00
   4.1063532e+00
   1.5022610e+00
   9.2064757e-01
   1.8516945e+00
   4.9585117e+00
   3.8888183e+00
  -6.5642519e-01
   4.6248906e-01
   3.8486302e+00
   4.0337001e+00
   1.3777420e+00
  -2.9432211e-01
  -7.6746596e-01
   4.2666708e+00
   3.2605970e+00
   2.8475686e+00
  -4.3624385e-01
   3.3303359e+00
  -6.7188657e-01
   4.1564985e+00
  -1.1642258e+00
   3.2311109e+00
   1.8134216e+00
   4.4944790e+00
   5.4300035e+00
   2.8281807e+00
   6.3721101e+00
   4.4474396e+00
   1.6231407e+00
   3.8804614e+00
   5.3007644e-01
   2.0402981e+00
   4.7739967e+00
   3.0001976e+00
  -1.2814754e+00
   3.5978002e+00
  -1.3128307e+00
   2.4452331e+00
  -8.8879503e-01
   2.1290021e+00
   3.1055897e+00
   2.5423820e+00
   2.4608341e+00
   3.3618321e+00
   9.6851680e-01
   1.9951176e+00
   5.5193669e+00
   2.2050948e+00
  -9.8712405e-01
   1.7660190e+00
   4.5009519e+00
   1.7089105e+00
   5.8183436e+00
   5.6129750e+00
  -1.0021309e+00
   5.7310056e+00
   1.6245780e+00
   2.6478797e+00
   1.1777804e-01
   1.1694643e+00
   3.9925195e+00
   1.4070467e+00
  -2.4928540e+00
   3.1526651e+00
   1.9422108e+00
   5.0155454e+00
   7.5807196e+00
   4.0862075e+00
   2.1341263e+00
   1.1509695e+00
   4.1999138e+00
   2.4132725e-01
   2.7246054e+00
  -3.9387373e+00
   2.4884587e+00
   7.0639103e-01
   2.2233186e-01
   1.6640247e+00
   3.6700512e+00
  -2.2977169e+00
  -2.3545211e+00
   4.9055140e+00
   2.2327277e-01
   1.0536743e+00
  -1.2475998e+00
   3.4604185e+00
   6.6852685e+00
  -1.6461548e+00
   3.9867820e+00
   3.7700222e+00
   4.7429967e-01
   2.8268314e+00
   2.6482399e+00
   5.9062792e+00
   1.4060479e+00
   1.4282826e+00
   4.3254517e+00
   1.4722029e+00
  -1.9297135e-01
   2.6746267e+00
   2.7173133e+00
   1.6481104e+00
   7.5700432e+00
   6.0523956e-01
   3.2215681e+00
  -1.5953602e+00
   4.0159940e+00
   5.6429804e+00
   2.6429980e+00
   2.1285721e+00
   2.7296921e+00
   2.5907007e+00
   2.6395503e+00
   3.2043417e-02
  -1.3498918e+00
  -3.9860930e-01
   1.2131149e+00
   2.2745099e+00
   1.5034670e+00
   2.0168655e+00
   4.1057858e+00
   6.6880870e-01
   1.6255593e+00
   2.9923794e+00
   5.7207415e-01
   4.0960799e+00
   2.6313238e+00
   3.2243593e+00
  -4.9530973e+00
   5.0150892e-01
  -1.2471600e-01
   3.8842242e+00
   3.5499140e+00
   2.7657853e+00
   1.0765770e+00
   4.7270986e+00
   3.6265864e+00
   3.4693932e-01
   2.4749113e+00
   2.1701227e+00
  -1.2201390e+00
  -2.1554713e-01
  -3.9635894e-01
   2.3292934e+00
   2.3421653e+00
  -3.1611774e+00
   3.1408164e+00
   1.5793661e+00
   2.8218545e+00
   2.8675185e+00
   4.5748569e+00
  -7.5183854e-01
   1.4837428e+00
  -1.9106137e-01
   1.8910414e+00
  -3.1189648e-01
   3.9301725e+00
   4.9050038e+00
   2.8635572e+00
   3.7015347e+00
   3.7650185e+00
   3.5325731e+00
   3.5654333e+00
   6.1421388e+00
   6.1779331e+00
   3.6501764e+00
  -7.1321095e-01
  -7.0247982e-01
   1.7342268e+00
   1.9598931e+00
   2.7456137e+00
   1.3657948e+00
  -2.2330623e-02
   1.3484050e+00
   2.5823067e+00
  -9.2546367e-01
   2.9025356e+00
   3.1130369e+00
   1.4934127e+00
   1.3875554e+00
   2.4311877e+00
   1.3254987e+00
   5.9571629e-01
   1.4122127e+00
   3.4502546e+00
   8.4296766e-01
  -2.8784042e-01
   3.0618727e+00
   1.5177626e+00
   5.0611952e+00
   2.8806906e+00
   2.7972186e+00
   1.0521883e+00
   4.5890107e+00
   6.4178564e-02
   4.1242547e+00
   3.1874712e+00
  -2.7855775e+00
   3.1583017e-01
   3.0138389e+00
   7.1913298e+00
   1.1358635e+00
   3.0817422e+00
   3.5748903e+00
   4.6983913e+00
   2.2768246e+00
   2.3144358e+00
   6.6762867e-01
   4.0284785e-01
  -1.2233649e+00
   8.1519510e-01
   6.3177001e+00
   2.2201405e+00
   3.5972268e+00
   3.4111545e+00
   8.2477535e-01
   1.3577560e+00
   2.3759484e+00
   2.6617661e+00
   5.4503277e-01
   1.4247048e+00
  -7.5887805e-01
   5.5890850e+00
   2.9380404e+00
   3.2709628e+00
   4.7871866e+00
   7.4418848e-01
   2.5175431e+00
   3.9988567e+00
  -4.3475375e-01
   4.4643103e+00
   3.4052444e+00
  -3.0427731e-01
   1.6117790e+00
  -2.0274564e-01
   8.6984168e-01
   1.9530001e+00
   1.8554926e+00
   9.6946656e-01
   6.0966884e+00
   2.2380013e+00
   5.4052816e+00
  -2.0760078e+00
   4.7959619e+00
   4.8519839e-01
   2.0338557e+00
   2.0464780e+00
   4.3414143e+00
   2.4661227e+00
   4.4623465e+00
   2.1328049e+00
   1.3892722e+00
   3.2171789e+00
   2.2351908e-01
   2.2230453e+00
   3.6836075e-01
   1.1665451e-02
   3.5019055e+00
   6.7946568e-01
   4.5766198e+00
   4.5251891e-01
   2.3978418e+00
   4.2640223e+00
  -1.1444534e+00
   2.1500138e-01
   1.6550087e+00
   4.7191377e+00
   3.6486168e+00
  -5.5044327e-01
   3.8445931e+00
   4.1498079e+00
  -1.3608217e-01
  -1.9980421e+00
   2.2287100e+00
   5.9573182e+00
   4.4429863e+00
   5.2948799e+00
   3.1991409e+00
   3.7046712e+00
   2.1044769e+00
   1.2204381e+00
   2.1974031e+00
  -2.0712433e+00
  -1.3736615e+00
   4.7717579e+00
   3.6920036e+00
  -3.6962120e-01
   1.9750760e+00
   1.8452707e+00
   2.1475898e+00
   5.8160013e-01
  -1.3658502e+00
   2.1781937e+00
   1.3614119e+00
   2.9710244e+00
   2.0737183e+00
   4.9276050e+00
   1.9981091e+00
   3.4329217e+00
   1.0605112e+00
   2.3782510e+00
  -1.9948214e+00
   2.8264962e+00
   5.9526587e-01
   3.2676024e+00
   3.3351824e+00
   3.8202834e+00
   9.4940233e-01
  -6.4167931e-01
  -1.3558994e+00
   4.1272757e-01
   1.1436003e+00
   7.8288969e-01
   4.2264351e+00
   3.4086113e+00
   2.9767419e+00
   7.9795798e-01
  -1.1075184e+00
   3.6598653e+00
   1.3164417e-01
   3.9820858e+00
   2.2453978e+00
   1.1298346e+00
   1.9836461e+00
   6.3882969e-01
   5.2310269e-01
   1.8835782e+00
   2.6829372e+00
   2.5437554e+00
   4.6407620e-01
   2.6746927e+00
   2.2929175e+00
   2.7882680e+00
   4.4608701e+00
   4.9392905e+00
  -8.2758062e-01
   4.8961345e+00
   1.6676688e+00
   4.6423375e+00
   5.7590831e+00
  -2.1245893e+00
   2.1259987e+00
   2.9963018e+00
   1.8859094e+00
   2.8273761e+00
  -1.5960364e+00
   2.9810548e+00
   3.2560660e+00
   2.9493190e+00
   4.2880056e+00
  -1.3024824e+00
   1.9616401e+00
   3.4125547e-01
   4.1272099e+00
   8.6979709e-02
   3.4369099e+00
   1.2216526e+00
   1.6812631e+00
   6.6929994e+00
  -1.5370241e+00
   2.8741814e+00
   4.6049029e-01
   6.2859348e+00
   2.0934170e+00
  -7.0222342e-01
   6.0761382e+00
  -1.0528800e+00
  -1.2057632e+00
   4.2640090e+00
   5.4297199e+00
   1.3755118e+00
  -1.6058703e+00
  -7.5586551e-02
   5.5015878e-01
  -1.3059060e+00
   5.8434257e+00
   3.6763724e+00
   2.6704883e-01
   1.3533955e-01
  -3.7226291e+00
   2.2695771e+00
   2.1360500e+00
   3.6597814e+00
  -4.0723728e+00
   4.0938359e+00
  -6.8863904e-01
  -1.3581613e+00
   3.2921933e+00
   5.1145518e+00
   1.2561398e+00
   2.6820059e+00
   3.3663458e+00
  -4.8555717e-01
   4.4094911e+00
  -1.3390334e-01
   1.5829422e+00
   3.5698589e+00
   2.6082779e+00
   1.0439798e+00
   9.1691606e-01
   9.2627464e-01
  -1.0719973e+00
   2.4524594e+00
   2.1172670e+00
  -3.9298043e-01
   4.8679203e+00
  -8.2220687e-01
   5.6430323e+00
   1.1997266e+00
  -1.5672210e+00
   3.2949876e+00
   9.8190442e-01
  -1.3311200e+00
  -1.8358853e+00
   4.9923553e+00
   4.2346698e+00
  -1.1610123e+00
  -7.7763608e-01
   3.1386397e+00
  -2.1833768e+00
   5.3653342e+00
   7.2352496e+00
   2.7946302e+00
   2.4639443e+00
   4.1211723e-01
   3.6332935e+00
   4.9293235e+00
   1.5481579e+00
   3.6107655e+00
   7.2121243e+00
   8.0870181e-01
   1.4733503e+00
   2.1441988e+00
   2.1660661e+00
   2.3226713e+00
   2.7467432e+00
   1.4734352e+00
  -2.0175269e+00
   4.9215318e-01
   5.0864002e-01
   1.2821802e-01
   2.1418462e-01
   7.3063341e+00
   4.8398788e+00
  -2.7393642e+00
   7.4958550e-02
  -2.8196876e-01
   3.4202272e+00
   7.0056318e-01
   1.9327173e+00
   2.1328857e+00
   9.8622664e-01
   3.1507666e+00
   3.9009932e+00
  -8.5089744e-01
   4.0012682e+00
   9.3902665e-01
   5.0787299e+00
   3.3004392e+00
   2.2170753e-01
   4.8060956e+00
   2.2313256e+00
   5.7349135e-01
   3.8245227e+00
   6.3063101e+00
   5.0217961e-01
  -7.4298510e-02
   1.7759482e+00
  -2.3325596e-01
  -8.5294367e-02
  -9.7281925e-01
   2.1288402e+00
   2.2111857e+00
   2.1576083e+00
  -6.5088143e-01
  -2.3801913e-01
   2.5846555e+00
   5.0061083e+00
  -2.8227589e-01
   2.9463351e+00
   3.2630834e+00
   3.5343268e+00
   9.9494183e-01
  -1.7683786e+00
   2.0095789e+00
   4.9230990e+00
   6.3458721e+00
  -7.2782838e-01
   3.0085733e+00
   2.0640785e+00
   5.9503077e+00
   3.5326229e+00
   3.1548214e-01
   2.9070218e+00
   1.8207566e+00
   1.8381735e+00
   5.1533720e+00
  -1.3124344e+00
   2.5587875e+00
  -1.2485984e+00
   1.4666612e-01
   2.4103615e+00
   3.4121790e+00
   2.5433138e+00
   7.8613826e-01
   2.4936823e+00
  -1.0828188e-01
   3.5015369e+00
   3.5792807e-01
   2.4495241e+00
   4.5324562e+00
   2.4167274e+00
   2.8365263e+00
  -4.2215599e-01
  -2.9870396e-01
   4.3527584e+00
   8.9446705e-01
   3.9230930e+00
   4.2634812e+00
   5.9600291e+00
   2.8390746e+00
   4.5903688e+00
   1.8439507e+00
   1.9824157e+00
   8.3214427e-01
   2.5907676e+00
   2.5468472e+00
   2.5015472e+00
   2.2177301e+00
   2.1203150e-01
  -1.1954780e+00
   3.8506897e-01
   2.8420674e+00
  -2.5624569e-01
   2.1303683e+00
  -1.3611203e-01
   1.7164268e+00
  -1.5559653e+00
   2.3701612e+00
   3.5161462e+00
  -3.9293206e+00
   6.6342476e+00
   7.5375753e-01
   3.7422035e+00
  -3.0848697e+00
   6.1676450e+00
  -4.1630962e-01
   2.5429494e+00
   3.3242234e+00
   1.3083329e+00
   3.5730922e+00
   4.2169272e+00
