  -9.3751064e-01
   9.8738083e-01
   4.3648219e-01
  -6.6140846e-01
  -5.9873778e-01
  -9.9194824e-02
  -5.4191489e-01
   9.1680419e-01
  -3.5330866e-02
  -1.7676420e+00
   1.9336709e+00
  -1.7096755e+00
  -4.2253290e-01
   9.6381862e-01
   7.7934216e-01
  -1.9527230e+00
   1.7798327e-01
  -4.0298801e-01
  -7.6352830e-01
  -5.7515814e-02
   1.9941283e+00
   1.8222297e+00
   1.2639832e+00
   1.8672863e+00
  -6.4226342e-01
   1.5320152e+00
  -5.0722968e-01
  -1.2610759e+00
  -9.8617033e-01
   3.2288316e-01
  -1.2380977e-01
   9.2406765e-01
   1.2952699e+00
   1.1696327e+00
  -5.8032421e-01
  -1.4176891e+00
  -1.3841693e+00
  -5.5450519e-01
  -2.4303138e-02
  -1.8875598e-02
  -2.8508810e-01
  -1.6526904e+00
   1.0686693e+00
   2.5583782e-02
   1.7171556e+00
   2.1128869e-01
  -1.1034516e+00
   7.4855229e-01
  -8.7330774e-01
   1.4539170e+00
  -8.8842733e-01
   5.6841760e-01
   7.9476522e-02
   8.6307512e-01
  -4.3049156e-02
  -1.0962614e+00
  -3.5248314e-01
  -8.8563706e-01
  -6.4654464e-01
   7.6833010e-01
   9.0015219e-01
   3.6217033e-01
  -1.7379309e+00
  -1.0478482e+00
  -1.4399316e+00
   1.2145193e+00
   1.2172720e+00
   6.8552723e-01
  -3.2730766e-01
  -5.5951386e-01
  -1.5455045e+00
  -1.6437250e+00
  -1.2444106e+00
   1.6737927e+00
   1.1005036e+00
   1.3954827e+00
   1.9858796e+00
   9.9409686e-01
  -1.7928688e+00
  -1.9180766e+00
   1.2374871e+00
   7.4182721e-01
   1.6940779e+00
   1.3655324e+00
   3.1828401e-01
   1.0729253e+00
   1.4328328e+00
  -4.2188108e-01
  -1.5206754e+00
  -2.2292480e-01
  -1.1216795e+00
  -1.5204045e+00
  -1.7296994e+00
  -5.1632822e-03
  -4.8144725e-01
  -1.3373197e+00
   1.2089168e+00
  -1.9956644e+00
   4.5605065e-02
  -8.6897614e-01
  -7.7699549e-01
   6.0557100e-01
  -1.7228794e-01
   4.9353918e-01
  -4.4703990e-01
  -8.8692792e-01
  -1.4132637e+00
   6.7551533e-02
   7.5342126e-02
   2.0166067e-01
  -1.2607308e-01
   5.6481914e-01
  -4.6770797e-01
  -1.1777085e+00
  -1.8477385e+00
   1.5958455e+00
  -1.7964700e+00
  -8.3190245e-01
  -1.7502928e+00
  -1.6216249e+00
   1.8331840e+00
   1.2043121e-01
   1.4213905e+00
   4.6923341e-01
   1.0623173e+00
  -1.6346483e+00
  -3.7080390e-01
   1.9038052e+00
  -1.8840081e+00
  -1.4880463e+00
  -1.8732531e+00
  -1.1007890e+00
  -1.4539772e+00
   1.0432777e+00
  -1.8114839e+00
  -1.1590705e+00
   1.8996347e+00
  -9.2458207e-01
  -4.5599146e-01
  -1.7577333e+00
  -1.1764234e+00
   1.3753478e+00
   4.6884428e-01
   9.3304252e-01
  -1.4378988e+00
   1.9436087e+00
   6.8704874e-01
   1.5686319e+00
  -1.0220394e+00
   4.6513073e-01
  -3.0038005e-01
  -4.5535424e-01
   1.5957884e+00
   1.3778662e+00
   1.8104165e-01
   1.1962267e+00
  -1.6165753e+00
  -6.2607019e-01
   1.6169442e-01
  -2.2173029e-01
  -1.6062812e+00
   4.4909367e-01
   5.7734442e-01
   3.2139229e-01
  -2.6254351e-01
   7.1202608e-01
  -1.2367844e+00
   1.6253037e+00
   1.9472642e+00
   1.7748436e+00
  -7.1853343e-01
  -1.6874923e+00
  -1.9478255e+00
   8.6127774e-01
   1.6001654e+00
   5.2247753e-01
  -9.1644038e-01
  -1.2374953e+00
   1.9308943e+00
  -3.5886407e-01
   4.8465450e-01
   1.7019665e+00
   5.2783816e-01
  -1.3854744e+00
  -1.0729648e+00
   1.7545860e+00
  -3.0061752e-02
  -5.8361013e-02
   1.3648149e-01
   1.5923648e+00
  -6.7658665e-02
  -1.7079455e+00
   1.0600637e+00
  -6.7921405e-02
  -1.3251027e+00
  -8.2497144e-01
  -9.0163261e-01
  -8.3088676e-01
   1.7649215e+00
  -3.6500182e-01
  -3.3015322e-01
  -1.3650678e-01
  -7.4863616e-01
   1.4454721e+00
   2.2444501e-01
   2.1191269e-01
  -1.6791355e+00
  -5.8839633e-01
  -6.6463158e-01
   1.3636088e+00
  -7.8557631e-01
  -6.6617276e-01
   1.1951518e+00
   4.0204978e-01
  -1.6062237e+00
   9.8175408e-01
  -6.1538193e-01
  -9.1876744e-01
  -1.0458480e+00
   1.3857438e+00
   2.6256096e-01
  -1.0665263e+00
  -9.0889854e-01
   1.5642350e+00
   5.0366783e-02
   1.2271279e+00
   1.6151908e+00
   8.0009571e-01
  -3.2813155e-02
  -3.5498459e-01
  -2.7942361e-02
   2.6748907e-01
   1.2937714e+00
   5.3131619e-02
  -1.1808292e+00
  -4.7892360e-02
  -1.8572856e+00
  -1.8765789e+00
   3.6056949e-01
  -1.1699415e+00
   4.3063020e-01
  -1.5938963e+00
  -1.0470987e+00
   1.3477002e+00
   1.6570810e+00
  -1.5415681e+00
  -1.2983232e+00
   1.7101416e+00
   1.5597143e+00
   1.9348918e+00
   7.7443672e-01
   9.2455652e-01
   1.7367472e+00
   8.7047007e-01
  -9.4388393e-02
   3.5734938e-01
   8.5535405e-01
  -1.5546037e+00
   1.2593148e+00
  -7.0700250e-02
   7.3421952e-01
   1.5740034e+00
   7.6696249e-01
  -1.9614036e+00
  -7.8969503e-01
   1.8983238e-01
   4.7307877e-01
   1.4008218e-01
  -1.9145189e+00
   1.4528108e-01
  -1.9256867e+00
   1.2894981e+00
   1.0050195e+00
  -1.1649887e-01
   1.0811051e+00
   3.1637377e-01
  -7.2243666e-01
  -5.4282350e-01
  -1.3309392e+00
  -5.3641433e-01
   1.4452793e+00
  -1.8214839e+00
   1.8481275e+00
  -1.9297420e+00
  -4.8541563e-02
  -4.7209941e-01
   7.4623540e-01
   2.2940832e-01
   1.5538326e+00
   2.7770772e-01
   8.2854882e-01
   2.5958607e-02
   5.9055997e-01
  -1.2225286e+00
  -9.8688270e-02
  -1.6033975e+00
   1.8042489e+00
  -5.3004156e-01
   1.4273562e+00
   1.9163844e+00
  -7.7131637e-01
   1.3510783e+00
  -1.8154312e+00
   1.4739616e+00
  -6.5752479e-01
  -7.9480389e-01
   1.5813574e+00
   7.7601583e-02
  -9.5784594e-01
   1.7635970e+00
   1.2309562e+00
  -1.5959699e+00
   1.9436174e+00
  -1.5365722e+00
   9.5473240e-02
  -1.5870160e+00
  -1.6554373e+00
   2.3018457e-01
   1.6732339e+00
  -1.7552588e+00
   1.5180537e+00
  -3.4015508e-02
  -6.3434995e-01
   1.2928060e+00
   1.7868636e+00
   5.9809644e-01
   1.9112472e+00
   2.3053874e-02
   1.6182371e+00
   1.7829141e-01
   1.2771569e+00
   1.4879197e+00
   1.2847518e+00
   1.1226393e+00
   1.5328710e+00
  -1.8737178e+00
   1.9285199e+00
   1.5131553e+00
   5.9110256e-01
   8.2603279e-01
   1.7949785e+00
  -2.7162564e-01
   1.6447933e+00
   1.9326396e+00
  -2.3608798e-01
  -1.0009703e+00
   5.1798432e-01
   3.9363632e-01
  -1.9597314e+00
   1.4570701e-01
   7.7380647e-02
   1.6881867e+00
  -1.2974106e+00
   3.8785268e-01
  -1.9759273e+00
   1.2359348e+00
   3.4422539e-01
  -8.6754899e-01
  -1.0764578e+00
  -1.6128875e+00
   1.2725977e-01
  -1.4494562e+00
   1.0691574e+00
  -1.8145066e+00
  -1.9505378e+00
   1.2992444e+00
   1.3387588e+00
  -1.3020740e+00
   1.1528758e+00
  -7.7068443e-01
   1.7260826e+00
   1.5230759e+00
  -1.1803864e+00
   1.5739488e-01
   9.2074430e-01
   1.2023555e+00
   1.3998554e+00
  -1.1677669e-01
   1.4575360e+00
   5.3698275e-01
  -1.1168220e+00
  -1.4394493e+00
  -1.4203520e+00
   1.0963691e+00
   4.3597374e-03
  -6.7649667e-01
   1.3226831e+00
   9.2107511e-01
  -1.8599428e+00
   1.1893464e+00
   1.0284151e+00
   7.7302572e-01
  -5.3210698e-04
  -1.2209310e+00
   6.5919053e-01
  -1.3449785e+00
  -4.4477670e-01
  -1.3876181e+00
  -1.7891104e+00
   7.6931414e-01
  -1.7266001e+00
   2.8406147e-01
   1.7989286e+00
  -1.5646789e+00
   2.6543823e-01
  -1.4716176e+00
  -1.5549827e+00
   1.2134689e+00
   1.5821671e+00
  -8.3958169e-01
   2.6226031e-01
  -1.9206831e+00
  -7.8054733e-01
   1.6364192e+00
   3.7422055e-01
   3.2616885e-01
   1.4687371e+00
   1.3371559e+00
  -1.4221212e+00
  -1.7877960e+00
   1.5100965e+00
  -3.2077212e-01
  -1.4109979e+00
  -1.0977386e+00
  -7.7035406e-01
   1.0530470e+00
  -7.4576838e-01
  -1.9186045e+00
   1.3201845e+00
   1.9670994e+00
   1.9170964e+00
   4.2143867e-01
   3.1612137e-01
  -5.6197956e-01
   1.4890568e+00
   1.2957617e+00
  -8.9678207e-01
  -1.0000151e-01
  -1.7325806e+00
  -1.9548160e+00
   1.3597315e+00
  -1.6116740e+00
   1.7859873e-02
   1.3402154e+00
   6.1207637e-01
   4.8039310e-01
   7.0311172e-01
   1.3169633e+00
  -2.4655474e-01
  -1.7831148e+00
  -1.1165608e+00
   1.5266311e+00
   2.5902531e-01
  -1.2287796e+00
  -1.6875652e+00
  -1.2407049e+00
   1.8614461e+00
  -4.8377181e-01
   9.2647409e-01
  -1.5104818e+00
   4.4544966e-01
  -1.0513681e+00
   1.1231363e+00
  -7.6783470e-01
  -8.2793651e-01
   1.5450200e+00
  -6.8665361e-01
  -1.4748235e+00
   1.1212321e-01
  -1.1471177e+00
   1.6228616e+00
  -3.0919735e-01
  -5.2733154e-02
  -1.6768284e+00
   1.8510924e+00
  -8.2867421e-02
  -1.3133962e+00
  -1.7639974e+00
   1.2282610e+00
  -1.9538650e+00
  -1.2098841e+00
   8.4465113e-01
   6.9061790e-03
   1.2966923e+00
  -1.3320575e+00
   1.3798089e+00
  -8.0432660e-01
   3.3244330e-01
   1.8885517e+00
   1.4372384e+00
   8.8511926e-01
   6.8765816e-01
   1.1959054e+00
   1.2180745e+00
  -6.0021601e-01
  -1.9128567e+00
   2.2481055e-01
  -1.0498400e+00
  -5.4606269e-01
  -3.0994704e-01
   5.3946854e-01
   1.3875982e+00
   1.4857513e+00
   1.7932447e+00
   1.5673503e+00
  -1.5318641e+00
   8.6768157e-01
   5.7379914e-01
  -1.7243147e+00
   1.1042113e+00
  -7.4640254e-01
  -5.7379847e-01
  -1.5149634e+00
  -9.7210638e-01
  -4.2828983e-01
   1.9061323e+00
  -6.7036663e-01
   2.2916350e-01
   1.0795421e+00
   2.0319891e-01
  -8.4761089e-01
  -6.9239965e-02
   6.6176845e-01
   1.8051708e+00
   1.6314453e+00
   1.3935216e+00
   1.0638281e+00
  -1.4681559e+00
   6.4475743e-01
   3.8323921e-01
  -2.7422166e-01
   8.9810414e-01
   1.8429288e+00
  -1.7530624e+00
  -9.0423870e-01
   2.6849905e-01
   1.0934019e+00
  -1.0855384e+00
  -1.3576856e-02
  -1.1468507e+00
   1.8904967e+00
  -8.1281462e-01
   7.4367707e-01
  -5.1640138e-01
  -4.5560719e-01
  -4.7914741e-01
   2.2120276e-01
  -6.8205683e-01
  -9.7873678e-01
   1.4618634e+00
  -1.6961248e+00
   1.4610309e+00
   1.3460617e+00
  -1.3096776e-01
   1.0861411e+00
   1.0410412e+00
  -1.3093344e+00
   1.8550205e+00
   1.5223532e+00
   4.0563856e-01
  -1.9134081e+00
  -1.2728208e+00
  -8.0466187e-01
   1.7314180e-01
   8.2326853e-01
  -1.8605795e+00
  -5.3582906e-01
   2.9050018e-01
  -6.5605135e-01
  -9.9359059e-01
   2.5587254e-01
   1.2257991e+00
   1.7238761e+00
   1.3395092e+00
   1.6242427e+00
   2.9980945e-01
   1.7871379e+00
  -1.8353612e+00
   8.8810126e-01
   5.3890725e-01
  -1.2068080e+00
   8.2780100e-01
   1.5545606e+00
  -1.7106628e+00
   1.7609844e+00
   4.9960617e-01
  -7.3901619e-01
   2.4478858e-01
  -1.6556673e+00
  -1.0139334e+00
  -6.0928761e-01
   1.4583514e+00
  -1.6025271e+00
   9.5321095e-01
  -8.7140111e-01
  -1.5190058e+00
   1.3369579e+00
   1.0569577e+00
   1.0627700e+00
  -1.6208069e+00
   8.4299844e-01
  -1.4740917e-01
  -1.6231895e+00
   3.3843737e-01
   1.2833055e+00
  -1.4179399e+00
   1.4677528e+00
   1.8784805e+00
  -1.6175507e+00
  -4.4828269e-01
   1.0777139e+00
  -8.2031952e-01
   1.5035134e+00
  -1.3883542e+00
   1.8021289e+00
   1.8463190e-01
   1.3639620e+00
   1.3220796e+00
  -4.3489861e-01
  -9.4777166e-01
   1.0944570e+00
   1.3326822e+00
  -9.2273775e-01
   9.8944403e-01
   4.6468517e-01
  -3.7379506e-01
   6.2037474e-01
  -1.7216681e-01
   9.9699237e-01
  -1.5863316e+00
  -1.3584173e+00
   2.2411884e-01
  -3.3941669e-01
  -6.7284173e-01
  -1.1410716e+00
   1.0874155e+00
   9.0984526e-01
   1.3669215e+00
  -1.3908601e+00
   1.2648108e+00
  -1.6255544e+00
   1.1064023e-01
  -1.3165347e+00
   5.4267275e-01
  -1.4138161e+00
   1.6857301e+00
   1.0291446e+00
   1.7160637e+00
   1.3491498e+00
  -1.9478090e+00
  -7.0709119e-01
  -8.3684404e-01
  -1.5394936e+00
   1.4011122e+00
   1.9155941e+00
   1.2441200e-01
   2.0757785e-01
   1.4633368e-01
  -6.9571970e-01
   2.0819889e-01
  -1.2827804e+00
   1.3463574e-01
  -1.0581182e+00
  -1.9439510e-01
  -1.0259343e+00
   1.4220476e+00
  -1.7971728e+00
  -1.2293998e+00
   1.5764840e+00
   1.1052909e+00
  -1.4631553e+00
  -5.7229270e-01
   1.8654633e-01
  -1.4565656e+00
   2.4481685e-01
  -3.1357262e-01
  -4.9160547e-01
   3.0154769e-01
   1.4174441e+00
   1.3821202e+00
   1.1566146e+00
  -1.3993257e+00
   4.6451704e-01
  -1.2961665e+00
  -1.4625074e-01
  -1.8232874e+00
   1.3751509e+00
   1.4060942e-01
   1.6891448e+00
   9.2712440e-01
  -4.2666865e-01
   4.5635931e-01
   4.3349505e-01
   1.5846516e+00
   1.8798694e+00
   2.9827345e-01
  -6.4036133e-01
   1.5189069e+00
   1.8270642e+00
   9.7398509e-01
   1.6786622e+00
   6.9550742e-01
   1.7501206e+00
  -1.4426646e+00
   7.3520803e-02
  -6.7850733e-02
  -1.6498642e-01
   9.7491988e-01
  -6.0541596e-03
  -1.3773081e+00
   6.8504057e-01
   1.2324199e+00
   5.6693883e-01
  -2.3808932e-01
  -9.6195494e-01
   3.4798781e-01
  -7.5185520e-01
   1.2937717e+00
  -6.8324615e-01
   2.3666538e-01
   1.6269014e+00
  -1.7699105e+00
   7.1751971e-01
   8.3188961e-01
   1.7957100e+00
   1.8289573e+00
   1.2632442e+00
   1.4555522e+00
  -1.3297750e+00
  -6.9180790e-01
   1.0922188e+00
  -1.8617660e+00
  -1.8462251e+00
   1.9848356e+00
  -1.1193882e+00
   6.6642124e-01
  -1.7798649e-01
  -9.0888828e-01
  -8.2711816e-01
   1.7309608e+00
   1.4628549e+00
  -1.6086299e+00
  -1.4647443e+00
   6.9307973e-01
  -3.3951310e-01
   4.0709978e-02
  -1.9808995e+00
   1.1314554e+00
  -1.9506557e+00
   7.2482829e-01
   1.5934622e+00
   1.8473100e+00
  -1.0634638e+00
  -4.6923463e-01
   3.1002465e-01
   1.2658080e+00
   1.5172557e+00
  -1.3481268e+00
   1.8586308e-01
  -1.8760637e+00
   3.8150101e-01
   1.5597265e+00
  -7.6416761e-02
  -9.5234984e-01
  -1.2705550e+00
   1.4712680e+00
   1.6651916e+00
  -1.1335254e+00
   1.7784976e+00
   1.3742574e-01
   1.3571292e+00
   1.8698618e+00
   1.9539899e+00
  -5.2623213e-01
   9.9610265e-02
   6.0765719e-01
  -1.3871372e+00
  -1.6488533e+00
  -1.0115933e+00
  -1.4482530e+00
   8.7041159e-01
  -1.9452540e+00
   4.7340034e-01
   1.8957287e+00
   3.4524926e-01
   1.9360809e-02
  -1.3847095e+00
   6.5257657e-01
   8.3673658e-01
   3.3013363e-01
   3.9849424e-01
  -1.9074736e+00
   9.9729313e-01
   6.7142853e-01
  -1.9654159e+00
   5.9639658e-01
  -1.4247842e+00
   6.0880414e-01
  -6.7261622e-01
   5.8228508e-01
   4.4295852e-01
   1.2377154e+00
   1.5417062e+00
   8.9786174e-01
   2.2026471e-01
   7.7883400e-01
   1.9723468e-01
  -3.6712188e-01
  -1.3388448e+00
  -1.0844708e+00
  -1.5050360e+00
  -1.2016374e+00
  -1.7510266e+00
   1.5632049e+00
   9.2236436e-01
  -1.5120369e+00
  -1.2248397e+00
  -4.1376595e-01
   9.0405653e-01
  -5.0400729e-01
  -8.5887289e-01
  -1.5771692e+00
   1.1869082e+00
   4.7134863e-02
   4.1412350e-01
  -1.8091734e+00
  -3.1809892e-01
   1.3565904e+00
  -4.2439650e-01
  -3.5626614e-01
  -8.7691376e-01
  -1.0476694e+00
   1.5336777e+00
  -1.8722211e+00
   9.1751380e-01
  -8.4588563e-01
   4.2336514e-01
   1.0890599e+00
   1.7944863e+00
  -9.7910436e-01
  -3.4055606e-01
  -1.8999310e+00
  -1.2374969e-01
   5.2048229e-01
   5.6933171e-01
   1.2639023e-02
  -3.8246179e-01
   2.6462461e-01
   3.0555100e-01
   1.0180925e+00
  -1.5154547e+00
   6.9219229e-01
   1.3910454e+00
  -8.7152953e-01
   1.0599150e+00
  -9.1242071e-02
  -1.3304313e+00
   1.0683809e+00
   1.8430623e+00
  -1.0483155e+00
  -1.7946056e+00
  -1.5600100e+00
   1.2081652e+00
  -4.4047108e-01
   2.8657768e-01
  -1.4139157e+00
   2.3057480e-02
   1.7822088e+00
   1.6046216e+00
  -3.3125618e-01
  -1.8127656e-01
  -7.1541795e-01
  -1.6019768e+00
  -2.7598834e-01
  -7.4083219e-01
   1.9511435e+00
  -2.6379677e-01
  -3.9451850e-01
  -4.2096951e-01
  -1.3492490e+00
  -3.2993111e-01
   3.5230896e-02
  -8.7124089e-01
   6.0828540e-01
   4.8694085e-01
   8.3452531e-01
  -9.8775987e-01
  -3.8707907e-02
  -7.1268086e-01
   5.8909854e-01
   1.9275330e+00
   1.1262839e+00
  -4.2456149e-01
  -1.6894648e-01
   2.0750086e-01
   6.7950997e-01
   1.1443032e+00
  -3.6665324e-01
   7.7818169e-01
  -8.7647020e-01
  -1.4523673e+00
  -1.9523723e+00
  -1.8551058e+00
  -5.8863825e-01
   1.2145357e+00
  -2.5761710e-01
  -1.4232562e+00
  -7.5225847e-01
  -1.4939424e+00
   1.3588200e+00
  -2.1521272e-01
  -1.6053477e+00
   1.7693343e+00
   1.8504972e+00
  -8.9956571e-01
   1.3773253e+00
   1.5167097e+00
   5.0002002e-01
  -1.5347309e-01
   7.7093756e-01
  -7.4336524e-01
   6.3836920e-02
  -6.1950384e-01
   2.2371057e-01
   8.5275269e-01
  -5.5683174e-01
  -1.3231246e+00
   6.0088419e-01
  -6.4897667e-01
   9.1552988e-02
   4.9133699e-01
   7.1777195e-01
   1.6927216e+00
  -1.6531260e+00
   4.6564168e-02
   3.8692818e-01
   9.5792963e-01
  -1.3028522e+00
   2.1085557e-01
   7.7044125e-01
  -1.9062400e+00
   8.1973170e-01
  -4.8979847e-01
   1.8328776e+00
   4.1850960e-01
  -3.1888658e-01
  -5.4794646e-01
  -1.8507095e+00
  -1.3023487e+00
  -3.9039216e-01
  -1.0402127e+00
  -1.4944387e+00
  -2.8338387e-01
   1.9538752e+00
   1.9032871e-01
   2.8968190e-02
  -7.9808504e-01
   2.7512311e-01
  -7.5225334e-01
  -1.8256788e+00
  -9.8296911e-02
   8.1198119e-01
   8.3011606e-01
   3.3865557e-01
  -4.5433464e-01
  -1.8162442e+00
   3.2478467e-01
  -8.8715236e-01
  -7.6975057e-01
   5.8390100e-02
  -6.2633545e-01
   1.1546272e+00
   1.0656575e+00
  -9.5944158e-01
  -5.4161403e-01
  -9.1641817e-01
  -3.6208889e-02
  -1.8056163e-01
   1.6606677e+00
   1.1595869e+00
   5.2654433e-01
  -6.6460326e-02
  -7.9165229e-01
   1.5971673e+00
   6.5506801e-01
   8.6678767e-01
  -1.1773015e+00
   1.2981793e+00
   7.4234887e-01
   9.1391365e-01
   9.8469293e-01
   1.2737740e-01
  -1.8357101e+00
  -1.4315086e-01
   7.6825795e-01
   1.1927653e+00
  -1.5503701e-01
  -1.6732750e+00
   7.2377448e-01
   1.2864181e+00
   1.7750682e+00
  -1.5516675e+00
   1.7293676e+00
   9.1988792e-01
  -7.8140605e-01
   1.5173526e-01
   7.5459795e-01
  -4.7519670e-01
   9.8559581e-01
   1.7729358e+00
   1.4906715e+00
   1.9849696e+00
  -1.0813555e+00
  -1.4095293e+00
  -4.4829514e-01
  -1.6953894e+00
   5.1940761e-02
  -1.7009061e+00
   1.6328840e+00
   1.3048636e-02
  -1.4240500e+00
   2.7518391e-01
  -1.6130130e+00
   1.1641498e+00
  -7.3667296e-01
  -8.4791726e-01
  -4.8812648e-01
  -5.6703725e-01
   6.1094242e-01
  -3.9943691e-01
   1.5686564e-02
   1.7131208e+00
  -2.9012306e-01
  -3.2642022e-01
   3.8070245e-03
   1.4915509e+00
   1.7249128e+00
  -1.7202932e-01
   5.9483983e-01
   1.0836291e+00
  -6.0223220e-01
   5.3524234e-01
  -1.3268319e+00
  -9.1118240e-01
  -1.1221886e+00
  -3.4288479e-01
  -8.6693536e-01
  -1.9343451e-01
   9.9028460e-01
  -1.0880044e+00
  -1.7358396e+00
  -1.7212256e+00
  -1.0381043e+00
   1.2436711e+00
   1.7252981e+00
  -6.1639867e-01
  -2.9515920e-01
  -3.3445242e-02
   1.4877875e+00
   7.1269605e-01
  -1.4347219e-02
   1.4523819e+00
  -7.2416156e-02
  -1.8011848e+00
   3.6075700e-01
  -7.6572912e-03
   1.7532444e+00
  -1.9786527e+00
   1.8521942e+00
   1.3123921e+00
   1.0197629e+00
   1.0071088e+00
  -1.2801364e+00
  -7.6753609e-01
   1.7465370e+00
  -8.9760008e-01
   1.4284732e+00
  -3.8303013e-02
  -1.4703814e+00
   4.3530682e-01
   8.9463943e-01
   3.2279762e-01
   6.6036629e-01
   1.4626361e+00
  -9.4614261e-03
  -8.3918560e-01
   1.9924430e+00
  -2.1261078e-02
   1.3288465e+00
   9.5299665e-01
   2.6744480e-02
   1.8758273e+00
  -1.7763954e+00
  -1.5745368e+00
   9.7147495e-01
  -1.6302543e+00
   5.2857281e-01
  -7.6145065e-02
  -6.5167600e-02
  -3.0973842e-01
   3.3024333e-01
   9.9874777e-01
  -1.5769475e+00
  -1.0840535e-01
  -1.5637643e+00
  -1.4660169e+00
  -6.4699029e-01
  -1.6365921e+00
   1.6495743e+00
   6.4240209e-01
   3.3603002e-01
  -1.3822514e+00
   3.5551347e-01
   5.1724372e-01
  -8.7620803e-01
  -1.3766710e+00
   9.3625807e-02
  -9.6275315e-01
  -1.6815487e+00
  -1.8176735e+00
  -1.7018603e+00
  -7.9705380e-02
   1.5473727e-01
   1.4492793e+00
  -8.2994847e-01
  -1.9835273e+00
   1.7649394e-01
   4.7478225e-01
  -5.0981807e-01
  -1.3261633e-01
   1.2714218e+00
  -1.6671808e+00
  -1.7308524e+00
   1.2618157e+00
  -9.9565039e-01
  -1.0725810e+00
  -5.2119099e-01
  -1.9521879e+00
  -4.5478986e-01
   1.2365859e+00
   1.1116268e+00
  -4.3862734e-01
   1.3156912e+00
  -7.7251011e-02
  -1.0503483e+00
   1.0893454e+00
  -3.1710115e-01
  -1.8895219e+00
  -5.4221543e-01
  -2.6792934e-01
  -3.4698406e-02
  -8.5366756e-01
  -1.0435688e-01
  -2.0564710e-01
   1.8262680e+00
   3.5745086e-01
  -3.4890082e-02
  -1.1103178e+00
   5.8892408e-01
  -6.3646017e-01
   7.3959137e-01
   1.6001290e+00
  -7.1865026e-01
  -7.9689582e-01
  -1.6233090e+00
  -1.1857557e+00
   1.8806113e+00
   5.7350438e-01
  -3.6160515e-01
  -1.0944127e+00
   4.7809050e-01
   1.4323348e+00
   1.5922326e+00
   4.0699320e-01
   6.5436989e-01
  -2.1918049e-01
  -1.4187446e+00
   3.1747753e-01
   1.9657284e+00
  -5.4861828e-01
   9.6203770e-02
  -5.9410496e-01
  -1.9458084e+00
  -2.6885847e-01
  -1.0087028e+00
   6.4231336e-01
  -4.0437617e-01
   1.6531819e+00
  -3.5090047e-01
  -3.2262507e-01
  -1.4117976e+00
  -2.1216319e-03
  -4.5726711e-01
  -7.9135564e-01
   1.1103851e+00
  -1.5013550e+00
   1.5458800e-01
   1.4070959e+00
  -5.1741893e-01
  -5.9049926e-01
   1.8607322e+00
  -7.5774573e-01
  -1.1040871e+00
   1.7559835e+00
   6.4953057e-01
  -3.7663434e-01
  -3.8073867e-01
  -4.1704561e-02
  -6.7186498e-01
   1.8421828e+00
   1.5076623e+00
   1.6682121e-02
  -1.5711848e+00
   2.7346572e-01
  -4.7551871e-01
   4.0117881e-01
  -1.7943297e+00
   7.9054547e-01
   1.1008524e+00
   1.2710398e+00
   1.5520866e+00
   7.2419157e-01
   1.6075675e+00
   1.4545493e+00
   5.9689864e-01
  -3.9034807e-01
   1.3558040e-01
  -1.8587686e+00
  -1.5132955e+00
   2.6869492e-01
   1.9593489e+00
  -5.6475927e-01
   1.6824342e+00
  -1.3276829e-01
  -1.9359858e-01
   1.8313887e+00
   5.0998614e-01
   1.4192614e+00
  -6.6248819e-01
   1.8389184e-01
   4.9559611e-01
   1.2636094e+00
  -2.9235370e-01
  -1.8178581e+00
   1.1717576e+00
   1.1351851e+00
   7.1655722e-01
   1.8026401e+00
  -4.2331989e-01
  -1.4898144e+00
   6.1222298e-01
   1.5647906e+00
  -1.3555445e+00
   1.2738251e-01
  -1.4164203e-01
  -8.9005190e-01
   1.2178872e+00
  -3.0398417e-01
  -1.7212263e+00
  -1.4174197e+00
   9.6358748e-02
  -8.5632849e-01
  -1.9897230e-01
   1.1704627e+00
   1.3022441e+00
   3.0918652e-01
   1.1281824e+00
  -5.7758670e-01
  -1.8690439e+00
   1.4269377e+00
  -6.4137062e-01
  -4.1698490e-01
   1.0869510e+00
   1.7791816e+00
  -1.4969286e+00
   6.3964229e-01
  -1.6947158e+00
  -2.7645237e-01
   1.7693942e+00
   4.1427399e-01
  -1.7506528e+00
  -9.5704696e-01
   8.1967641e-01
   1.7959200e+00
  -6.9873424e-01
  -3.4311072e-01
   7.2135154e-01
  -1.9709031e+00
  -2.6245942e-01
   4.2495486e-01
   1.5562060e+00
   3.5547942e-01
   1.0035202e+00
  -3.5227996e-01
   1.4750232e+00
   6.0362929e-01
   3.3021856e-01
  -1.8424730e+00
   5.0841925e-01
  -3.9925939e-01
  -1.1432276e+00
  -1.4722199e-01
   7.4607812e-01
  -9.2043511e-01
   7.7821613e-01
   1.7820140e+00
  -1.9585603e-01
  -9.1149461e-01
   1.1560208e+00
  -3.2196891e-01
   4.4460914e-01
  -1.2800680e+00
  -1.0125814e+00
   1.5491326e+00
  -1.4574558e+00
  -8.6199959e-01
  -1.0642252e+00
  -9.3518302e-01
  -1.9265237e+00
  -1.5772941e+00
   5.7761249e-01
   7.8607688e-01
   1.9668367e+00
   1.4626415e+00
  -1.8465155e+00
   8.0231100e-01
  -1.6004098e+00
   1.2354636e+00
  -1.7182279e+00
   5.8577518e-01
   6.0435566e-01
   8.1265330e-01
  -1.0535576e-01
  -1.5299674e+00
   1.1792183e+00
   1.2512027e+00
   5.3422723e-01
  -7.0804126e-01
   1.6104796e-02
  -1.4485032e+00
  -3.9306643e-01
   4.0624335e-01
   1.4784100e+00
  -1.7477838e+00
   7.5000003e-01
   9.3040793e-01
  -1.5496614e+00
   1.7025140e+00
  -1.6827751e+00
  -1.6355355e+00
   1.1839159e+00
  -1.5355248e+00
  -1.9796484e+00
  -1.9321467e+00
   2.7648683e-01
   1.8405170e+00
  -1.5050625e+00
  -1.6230796e+00
   6.1668379e-01
  -1.1321533e+00
  -1.0197441e+00
  -1.2756752e+00
   1.6045521e+00
  -2.6470456e-01
  -1.7376507e-01
  -1.2449163e+00
   1.7220747e+00
   1.1802635e+00
  -1.2817394e+00
  -1.1357235e+00
   1.1701258e+00
   1.7547142e-02
  -7.3205338e-01
  -1.7035953e+00
   9.6247238e-01
   1.8383433e+00
  -1.8851647e+00
  -1.1902393e+00
  -1.3420317e+00
  -1.1786781e+00
  -7.4784078e-01
   1.4404941e+00
   3.5385979e-02
   3.6093697e-01
   3.1245654e-01
  -1.3812657e-01
  -1.7198902e+00
  -1.2060047e+00
  -3.9946356e-01
   2.4278413e-01
  -2.7653962e-01
  -1.3913835e-01
   1.6765341e+00
  -1.6007966e-01
  -1.1266574e+00
  -9.1847493e-01
  -1.9622842e+00
   1.2854961e+00
   1.7197986e+00
  -1.1423649e-02
   6.3308309e-01
  -7.9117650e-01
  -1.4120004e+00
  -1.0670204e+00
   2.1578704e-01
   9.5208704e-01
  -1.3171515e+00
  -1.1306917e+00
  -2.3189043e-01
   5.1231432e-01
  -1.0650348e+00
  -1.6621773e+00
  -5.8861263e-01
  -1.4674213e+00
  -1.4481034e-01
  -1.6200106e+00
   8.5705768e-01
  -5.3026039e-01
   1.0521882e+00
  -9.7935959e-02
   2.7097880e-01
  -8.7702747e-01
  -1.3976587e+00
  -1.1163857e+00
   6.7421840e-01
  -9.7831340e-01
  -1.5910710e+00
   6.8596175e-01
  -1.2417112e+00
  -5.4120096e-01
   1.7418285e-01
  -1.5993308e+00
   1.7978494e-01
   5.9346069e-02
   4.6120239e-01
  -1.3638815e+00
  -9.1230580e-01
   1.1756464e+00
  -2.5560989e-01
  -1.4649429e+00
  -9.0860555e-01
   6.2803486e-01
   9.4844128e-03
  -4.4967768e-01
  -5.1095122e-01
   1.4806437e+00
   5.7796869e-01
  -1.8216240e-01
  -1.9444759e+00
  -1.0016294e+00
   6.2007280e-01
   1.0190639e-02
  -3.4538979e-01
   1.0597353e+00
  -9.9566051e-01
  -9.9564611e-01
  -2.1113017e-02
   1.9178333e+00
   9.1370332e-01
  -1.4480914e+00
   4.7970988e-01
   9.6418943e-01
  -6.1706168e-01
  -7.6299215e-01
  -1.1001453e+00
  -1.2973580e+00
  -1.8698952e+00
  -1.4866459e+00
   1.2226710e+00
  -1.4120383e+00
   1.8972896e+00
  -1.2317058e+00
   2.5213354e-02
  -1.1142231e+00
  -3.7735027e-02
  -2.8325201e-01
  -1.9759670e+00
  -1.2162686e+00
   1.0349001e+00
  -7.2315724e-01
  -5.9088680e-01
   6.8804986e-01
   4.0118742e-01
  -3.5039117e-01
   1.1993734e+00
   7.5736741e-01
   1.8643526e+00
   1.5551873e+00
   4.4747069e-01
   1.8596565e+00
  -1.2610952e-01
   3.6924000e-01
  -4.7149847e-01
   1.2090153e+00
  -3.4696092e-01
  -9.2660091e-01
  -9.6685061e-01
   1.0993313e+00
   8.2846192e-01
  -2.7003301e-01
  -5.3923067e-01
   1.4836296e+00
   9.8759517e-01
  -8.2573889e-01
  -9.3027618e-01
  -1.0134812e-01
  -1.2496602e+00
  -1.4213214e-01
   1.7283581e+00
   9.1186025e-02
   3.5822321e-01
   1.4779242e+00
  -2.4738954e-01
  -7.0812367e-01
   1.0207230e+00
   1.3587968e+00
   3.1239810e-01
   6.6622980e-01
  -1.7812769e-01
  -1.5151021e+00
  -8.0072827e-02
   2.0419152e-01
   7.9080521e-02
   2.1152197e-01
  -7.9753185e-01
  -4.7191165e-01
  -4.5369579e-01
  -8.2785520e-01
  -1.9660219e+00
  -1.0736036e+00
  -1.2612628e+00
   1.0291812e+00
   1.1790585e+00
  -7.5414257e-01
  -4.4506894e-01
  -1.0644136e+00
  -1.7897145e-01
   1.7561103e+00
   1.2738291e+00
  -3.6514559e-01
   8.6434717e-01
  -1.8732416e+00
   1.3353591e+00
   1.7153426e+00
  -1.8485507e+00
  -2.2141504e-01
   1.2409921e+00
  -1.7099992e+00
  -6.6210663e-01
  -1.1692703e+00
   1.5303043e+00
   1.0319856e+00
  -8.6709638e-01
  -8.2648627e-02
   9.9265533e-01
  -6.9197439e-01
  -8.1356861e-01
   1.4073777e+00
   2.5275146e-01
  -4.9371764e-01
  -1.6297532e+00
  -1.0750773e-01
   6.8848290e-01
  -3.7760021e-01
   5.9930937e-01
   1.8742987e+00
  -1.3173980e+00
  -1.4942148e+00
   1.6602113e+00
   8.9209661e-01
   6.5971523e-01
   1.3239653e+00
   4.4713672e-01
  -8.5670013e-01
  -1.8038603e+00
   1.4521346e+00
  -1.7562277e+00
  -5.0098914e-02
   5.3588396e-01
   8.7343032e-01
  -5.9115301e-01
   8.5294548e-01
   1.2137028e-01
  -1.2453202e+00
  -1.5192579e+00
   5.8014035e-01
  -1.4659743e+00
   1.1298770e+00
  -1.2500341e+00
   2.0206827e-01
   4.9656771e-01
   7.8168694e-01
   1.4461382e+00
   2.0274085e-01
   1.6844475e+00
  -1.7334286e+00
   1.8531697e+00
   1.4594324e+00
  -1.8065441e+00
   6.3730157e-01
   1.6136359e+00
  -1.1900768e+00
  -1.4839340e+00
   4.9583220e-01
  -1.9036670e+00
  -6.5742181e-01
   1.6522433e+00
  -1.6512862e+00
   2.0993067e-01
   1.4358396e+00
  -3.5335081e-01
  -3.5976659e-01
   6.3288861e-01
  -7.0194872e-01
  -1.3949154e+00
  -2.2759972e-01
   1.9058516e+00
   1.3560486e+00
  -9.2209644e-01
  -9.1521886e-01
   1.2389720e-01
   7.7302001e-01
  -3.2020556e-01
   4.1892415e-01
   4.0797610e-01
   1.3871961e+00
  -9.1401640e-01
  -4.6953635e-01
   1.4315120e+00
  -1.1706821e+00
  -1.4500187e+00
   1.4664729e+00
   1.0998154e+00
   1.0532971e+00
   3.7907125e-01
  -7.3476119e-01
   5.4016830e-01
   9.9444958e-01
   1.5205225e+00
  -4.6626110e-01
  -1.6006136e+00
   9.7363623e-01
  -1.3167700e+00
   1.0653541e+00
   7.2060610e-01
  -1.1257391e+00
   1.4008115e-01
   4.5199055e-01
   1.4495725e+00
  -1.8888136e+00
   2.6309202e-01
  -1.6326815e+00
  -6.2275858e-01
   1.0656486e+00
   2.2773539e-01
  -1.4125525e+00
   1.5342529e+00
  -1.7272073e+00
  -6.7464167e-01
  -1.8935834e+00
  -8.7745940e-01
  -1.1735028e+00
   1.0843819e+00
  -1.6256663e+00
  -1.1374118e+00
  -1.6498252e+00
   1.1388465e+00
   3.6421304e-01
  -7.1705175e-01
   5.0765536e-01
   1.6134018e+00
  -9.6442228e-01
  -4.3089537e-01
  -1.2132053e+00
   1.2784006e+00
  -1.7727153e+00
  -1.8453492e-01
  -1.0095727e+00
  -5.1368787e-01
  -1.3676807e+00
   3.5566030e-01
   2.2377253e-01
  -1.4245645e+00
   1.9177731e+00
   9.4843891e-01
  -1.5721106e+00
  -1.6329064e+00
   1.0942923e-01
  -7.0783422e-01
  -8.0764327e-02
  -1.5791281e+00
   1.9044538e+00
   1.0706566e+00
   1.5490972e+00
   6.8798432e-01
   1.2873209e+00
  -1.1239147e+00
   1.2358478e+00
  -9.6813375e-01
   9.9272871e-01
  -4.2258773e-01
  -1.9553535e+00
  -1.3481925e+00
  -1.3158603e+00
  -1.3659235e-01
  -4.8378352e-01
  -1.1644932e+00
  -1.4502652e+00
   7.5544133e-01
   6.5205657e-01
  -1.0953144e+00
  -6.0491438e-01
   9.6605588e-01
  -1.5929425e+00
   1.2613095e+00
  -4.4348136e-01
  -7.8530370e-01
   1.4129219e+00
   2.8333153e-01
  -5.9776465e-01
   8.2307072e-02
  -7.3621236e-01
  -3.3349851e-02
  -2.2360911e-01
   1.1656307e+00
   1.8739652e-01
  -3.4174050e-01
  -1.0806449e+00
  -1.1447695e+00
   1.2241601e+00
   1.7685634e+00
  -9.9985231e-01
   1.3639794e+00
  -1.9369241e+00
  -1.4482088e+00
   1.3858543e+00
  -7.4524368e-01
   2.0259862e-01
   1.2169789e+00
  -1.9255135e+00
  -7.3952580e-01
  -2.4664021e-01
  -1.9785520e+00
  -1.9626814e-01
   2.2761695e-01
  -1.0230712e+00
   3.2727656e-01
   5.0170756e-01
  -5.1833292e-01
  -1.6211134e+00
   9.6897202e-01
   8.0686057e-01
  -5.5641399e-01
   1.0518745e+00
   8.4312249e-01
   3.9579652e-01
  -7.2342427e-01
   2.4640024e-01
  -1.1365137e+00
  -1.3698178e+00
   1.1013897e-01
  -7.6290724e-01
   4.3000834e-01
  -7.4914521e-02
   2.6335988e-01
  -1.4349599e+00
  -1.2199826e-01
  -3.7158995e-01
  -2.1387223e-01
   7.7575655e-01
  -1.0166099e+00
  -1.0684283e+00
  -1.4935109e+00
   2.0423104e-01
   1.9110333e-01
  -1.6106545e+00
  -7.1749793e-01
  -1.3172877e+00
   1.4139937e+00
  -5.8211099e-01
   1.2262890e-01
  -6.3863008e-01
   1.5733552e+00
  -1.5355411e+00
   1.3534598e+00
  -8.9590409e-01
  -1.0281465e+00
  -6.0718232e-01
  -1.3507587e+00
   1.2446119e+00
  -1.7256634e+00
   9.4093458e-01
   1.0375534e+00
  -1.7486531e+00
   1.1877682e+00
  -1.6199620e+00
  -1.8801000e+00
   1.6064529e+00
   9.5469245e-01
  -1.6151206e+00
   3.4512686e-01
  -4.9952278e-01
   1.1008759e+00
   1.3173563e+00
   1.4124161e+00
  -1.3842005e-01
  -2.5511586e-01
   4.9796399e-01
   1.6458151e+00
   1.0839080e+00
   1.4868140e+00
  -1.3438404e+00
   1.5617526e+00
  -3.5851246e-01
   5.6492186e-01
  -1.5289617e+00
   1.3893679e+00
   1.6466186e+00
  -1.3738007e+00
  -1.3832029e+00
   9.0960744e-01
   1.6839872e-01
  -1.4874108e+00
   1.3359693e+00
   1.2246730e-01
   1.2081942e+00
  -1.6690397e+00
  -1.1014335e+00
   1.4096002e+00
   5.0102080e-01
   8.3521095e-01
  -1.5417603e+00
   1.6957172e+00
   1.1525544e+00
   6.5054193e-01
  -1.6524438e+00
   1.2784752e+00
   1.9819999e+00
  -1.3484420e+00
   1.6531866e+00
   4.2922853e-01
  -1.1090122e+00
   7.6632815e-01
   8.1205692e-01
   1.7982377e+00
  -1.8310039e+00
  -1.5393771e+00
   5.6409081e-01
   1.1100845e+00
  -1.8077170e+00
   7.3641196e-01
  -2.9929093e-01
   1.0702981e+00
  -5.5397148e-01
  -1.2054909e+00
   1.6167852e+00
  -1.5767270e+00
   2.9735558e-01
  -1.0305877e+00
   8.8491631e-01
   4.9389114e-01
  -1.7968961e-01
   1.1331442e+00
  -6.4926940e-01
  -1.3912781e+00
   4.9574158e-01
  -8.9367121e-01
  -1.9361098e+00
   1.8921296e+00
  -1.5428753e+00
  -1.0850700e+00
  -1.5541626e+00
   1.8939649e+00
  -1.3848838e+00
   7.7960703e-01
  -1.5086193e+00
   8.7210262e-01
   1.6318476e+00
   9.5448974e-01
  -1.0714535e+00
  -1.1346404e+00
   8.6614706e-01
   1.1502916e+00
  -3.7258104e-01
   1.2382933e+00
  -1.7547342e+00
  -1.2702705e+00
  -8.9938078e-01
   1.8151398e+00
  -1.3621370e+00
  -5.6395075e-01
  -6.7425461e-01
   1.2876440e+00
  -1.3810993e+00
   1.2053458e-01
  -4.6724645e-01
   1.7641288e+00
   1.8062743e+00
   1.9772908e+00
  -4.9143276e-01
  -4.7587837e-01
   6.7754753e-01
  -1.4963506e+00
  -3.3346198e-01
  -1.4946213e+00
   3.4387693e-02
   1.6225288e+00
   8.0166838e-01
   1.2897003e-01
   4.7987132e-01
  -1.5301780e+00
  -1.4594440e+00
  -3.3590677e-01
   8.4416185e-01
   8.4226277e-01
   4.3765583e-01
   1.0382381e+00
   3.3785047e-01
  -4.3269147e-01
   1.9756759e+00
   4.2535688e-01
   1.7080257e+00
   1.5053779e+00
  -1.6470460e+00
  -8.6866849e-01
  -1.7830824e+00
  -1.3990289e+00
   9.9959849e-01
  -4.0032529e-01
   7.9802354e-01
  -1.6488403e+00
   6.5234084e-01
  -4.4789102e-01
  -2.6145956e-01
   1.1784168e+00
  -7.9761142e-01
  -4.5914466e-01
   1.5157768e+00
   1.6166717e+00
   1.1414475e+00
  -7.6166763e-01
  -1.9344108e+00
  -1.3390667e+00
  -9.7508713e-01
  -1.0237168e-01
  -4.7143521e-01
  -1.8602843e+00
   1.9796987e+00
  -1.5641397e+00
   1.3151114e+00
   1.7597493e+00
   1.3380898e+00
  -1.3447949e+00
  -1.2473700e+00
  -5.6828185e-01
   6.9669105e-01
   1.7199975e+00
  -1.3815244e+00
   1.7357319e+00
   1.2550852e+00
  -1.3150363e+00
   3.0224776e-01
  -1.7289076e+00
   1.8915815e+00
  -1.0669605e+00
   1.5502917e+00
   6.0219311e-01
  -4.0064574e-01
  -3.3859523e-01
  -1.3912553e+00
  -1.9000561e+00
  -1.6712208e+00
  -1.3751500e+00
   1.9051556e+00
  -1.3295623e+00
   9.1121673e-01
  -1.1175062e+00
  -9.7482628e-01
  -8.7957050e-03
  -1.9870630e+00
  -1.8278584e+00
   3.3809548e-01
   1.5175685e+00
  -1.1752582e+00
   1.8616083e+00
   7.6132224e-02
   6.2488515e-01
  -1.2097348e+00
  -1.6322580e+00
  -1.9867311e-01
  -8.0303926e-01
   1.6312204e-01
   4.8450539e-01
  -8.2293880e-01
  -6.7965244e-01
  -1.9998024e+00
  -1.6535323e+00
   1.8211905e+00
  -1.2535505e+00
   7.8733331e-01
