   1.2393480e+00
  -1.0822081e+00
  -5.4337586e-01
  -3.3508116e+00
  -1.8129004e+00
   1.5395329e+00
  -1.1185565e-01
  -1.0036718e+00
   9.3243331e-01
   5.7217458e+00
   1.4844615e+00
   2.2812785e+00
  -1.8657614e+00
  -2.4425244e+00
  -2.3974973e+00
   1.6721827e+00
   1.0912930e+00
   4.5188360e-01
   2.6565996e+00
   5.1494710e+00
   2.8984486e+00
  -5.9388961e-01
   3.1179524e-01
   2.6340011e+00
   2.4198032e-01
   2.2495297e+00
   2.4238886e+00
   6.2665549e-01
  -2.5950022e+00
  -2.6427053e+00
  -2.5240256e+00
   2.7657330e+00
   7.8033092e-01
   2.8986865e+00
  -9.5852887e-01
  -6.4799614e-01
   5.4212711e-01
   2.8340011e+00
   1.3280476e+00
   1.2476540e+00
  -3.1411785e-03
  -1.2796626e+00
  -4.0006211e-01
   7.2092628e-01
   1.6988570e+00
   2.3027386e+00
   2.4278338e+00
  -2.5789372e+00
   1.3158550e+00
   1.0995416e+00
  -1.8607213e+00
  -1.3689307e+00
  -7.0804552e-01
   6.2851625e-01
   1.1738400e+00
  -1.1961511e+00
  -1.0725605e+00
   2.8722347e+00
   2.0280936e+00
   8.4887559e-01
  -5.0517841e-01
   1.9399756e+00
  -2.1913457e-01
   1.6232571e-01
  -8.1827700e-01
   1.0690953e+00
  -1.1872802e+00
   7.8286406e-01
  -3.1148734e-01
   7.2974641e-01
  -4.6073227e+00
   2.5521193e+00
   1.3764742e+00
  -1.7730112e+00
  -5.8095916e+00
   2.8351666e+00
   1.0808765e+00
   2.3561525e+00
   1.9921558e+00
   1.8209028e+00
   1.9531136e+00
   9.9132805e-02
  -4.1422096e+00
   1.3952560e+00
   2.9572650e-02
   1.3763520e+00
   1.4358998e+00
   1.2042770e+00
  -1.7110903e+00
  -1.6514386e+00
  -1.3356543e+00
   1.8277703e+00
   1.0275646e+00
   1.8371982e+00
   1.0717568e+00
  -3.1582470e+00
  -2.0929996e+00
  -4.9499629e-01
   2.3654740e+00
  -7.5916129e-01
  -5.0316753e-01
   1.0038050e+00
   8.0943772e-02
   9.8427195e-01
   1.4568176e+00
   1.4780014e+00
  -3.2830546e+00
  -6.1744292e-01
   7.7882763e-01
  -3.3425225e+00
   6.3413681e-01
   3.1013087e+00
  -3.9094331e+00
   8.3459639e-01
  -2.5576597e-01
   5.2154733e-01
  -1.3209177e+00
  -2.6518916e+00
   1.9498872e+00
   1.4886449e+00
   1.8805734e+00
   9.2251208e-01
   6.2922255e-01
  -6.9348932e-01
  -2.0910708e+00
  -9.7331160e-01
   1.8754792e-01
   1.3660272e+00
  -1.3219842e+00
   5.8824917e-01
   3.6074505e+00
  -1.1292929e-01
  -6.8174836e-01
  -6.2861440e-01
  -2.6089218e+00
   1.6436952e+00
   4.8048312e-01
  -3.9780980e+00
   4.0257846e+00
   2.1775942e+00
   1.4476913e+00
   2.3868912e+00
  -7.7052784e-01
  -2.6998701e+00
  -6.4769987e-01
   1.5197053e+00
   2.9558211e+00
  -2.9443140e+00
   2.8364088e+00
  -3.1024893e+00
   6.0771180e-01
   1.9525086e-01
  -3.3744134e+00
   5.9965077e+00
  -2.3691607e+00
  -5.8460448e-01
  -1.6518748e+00
  -2.3840765e-01
   6.7566308e-01
   1.5465875e+00
   3.5397706e+00
   2.0791046e+00
   1.5283107e+00
  -1.2012496e+00
   2.8461136e+00
  -7.2741349e-01
  -1.4827843e+00
   6.5062083e-01
  -1.3908669e+00
  -3.8341343e+00
  -1.6202574e+00
  -1.2357879e+00
   1.7125420e+00
  -4.8126958e-01
   2.5483146e+00
  -1.9714063e+00
   1.9590324e+00
   1.3282006e-02
   1.7803451e+00
  -2.2118388e+00
   8.0549045e-01
  -2.9228281e-01
  -6.2784850e-01
   3.3800432e-01
  -1.9530178e-01
  -9.8682917e-01
  -2.5359978e+00
  -2.4911073e+00
  -1.5756605e+00
  -1.0526844e-01
   2.1828369e+00
  -4.2174553e-01
   2.2543439e+00
  -2.1938486e+00
   4.4369573e+00
  -6.4411643e-01
  -4.8254132e+00
   1.4819714e+00
  -3.4929667e+00
   1.2805698e+00
   5.4972750e+00
   6.5426783e-01
   4.7790855e-02
   3.7417059e-01
   1.3509959e-01
   1.0591169e+00
  -1.6371598e+00
   1.0172438e+00
  -1.2702926e+00
   5.9065241e-01
  -9.3670902e-01
  -1.7503420e+00
   2.4964004e-01
  -2.7796713e+00
  -4.2132787e+00
  -3.5968170e+00
  -1.2237350e+00
   2.0499042e+00
   1.0751241e+00
   1.5008373e+00
   2.8991551e+00
   3.7216259e-02
  -1.7258081e+00
   7.4413649e-01
  -9.2480574e-01
   3.3904944e+00
  -2.4670739e+00
   4.0451423e+00
   1.2225600e+00
   1.5819843e+00
  -6.9510893e-01
  -1.0319559e+00
   5.9467221e-01
  -9.2137433e-01
  -2.0768852e+00
   1.1665872e+00
  -1.9555907e+00
   9.6535493e-01
   1.7031977e+00
  -4.7361303e+00
  -4.9752304e-01
   3.1227463e-01
  -3.5051576e+00
  -5.5717181e+00
  -2.4810872e+00
   8.0045121e-01
   2.2384737e+00
  -2.1685020e+00
   3.9565590e-02
   2.8949299e-01
   1.5808870e+00
   2.7505947e+00
   5.5364458e+00
   4.0189863e-01
  -2.2820468e+00
   4.3528183e+00
  -1.0316737e+00
  -6.4138328e-01
   1.0141176e+00
  -6.1437415e-01
  -6.1252399e-02
   1.0095336e+00
  -2.8654415e+00
  -1.6721226e+00
  -4.3501468e+00
   1.0350720e+00
  -1.2931839e+00
  -2.5102447e+00
   1.8271403e+00
   4.4025132e-01
  -3.2414715e+00
   1.3405685e+00
   6.6149849e-01
   1.3877321e+00
  -1.6605648e+00
  -1.3926745e+00
  -1.5553863e+00
   1.2952579e+00
   1.9372171e+00
   2.8214234e+00
  -2.3025353e-01
  -2.6134455e-01
  -1.3423999e+00
   1.3644377e+00
  -1.7877234e+00
   2.8065581e+00
  -5.1997008e-01
  -2.6119286e+00
   3.1167725e+00
   2.4329405e+00
   1.4512772e+00
   8.6019698e-01
  -4.7888619e-01
   2.0151502e+00
   2.1198401e+00
  -3.6008991e+00
  -2.7780337e+00
  -1.9511436e-02
   2.9410801e+00
   3.2227975e-01
   2.4715906e+00
  -2.1134605e+00
   4.1284056e-01
  -2.2416088e+00
  -4.7476402e+00
   1.2882957e+00
   1.4396837e-01
  -6.8202811e-01
  -1.0067313e-01
  -5.9666252e-01
   1.8764436e+00
  -1.3272758e+00
   2.1038416e+00
  -9.2654397e-01
  -7.8384123e-02
  -9.0340857e-01
  -1.4993784e+00
  -4.1068442e-01
  -1.2985712e+00
  -1.6718705e+00
  -1.5400863e+00
  -2.8086235e+00
  -2.8269068e+00
  -5.5814511e+00
   8.0615173e-01
  -1.3846566e+00
   7.6692593e-01
  -1.4865458e+00
   1.7626221e+00
   1.6730500e+00
   1.9749024e+00
   1.4755191e+00
   1.9600649e+00
   1.3959548e-01
  -1.1781139e+00
  -2.7064847e+00
  -1.9360430e+00
   2.7213411e+00
  -2.7303322e+00
   1.4316786e+00
   4.2991410e-01
   8.8380087e-01
  -1.2908708e+00
  -1.5370214e+00
   1.3856802e+00
  -1.3965598e+00
   1.4580070e+00
   2.7761687e+00
   2.0538332e+00
  -1.9148027e-01
  -3.5377943e-01
   3.1972962e+00
  -2.5713087e+00
   3.5877638e-01
   2.1078218e+00
   8.2410613e-01
  -5.5482432e-01
   1.8113382e+00
   3.7019230e+00
   1.1573817e+00
  -8.8300886e-01
   9.4931926e-01
  -1.8339980e+00
  -4.4245592e-01
  -3.9055584e+00
  -2.4780307e+00
   1.2800243e+00
   1.4322407e+00
  -3.4980751e+00
   1.7352894e+00
   1.2569086e+00
   1.8076358e+00
   8.2262334e-02
  -1.9254954e+00
  -7.9685865e-01
  -2.1025588e+00
   1.2024793e+00
   9.9789924e-01
  -1.1444495e+00
  -1.1562516e+00
  -2.9648899e-01
  -4.0766409e+00
  -2.6916563e+00
  -5.5688829e-02
   5.2983604e-01
  -2.5968536e+00
  -3.4230466e+00
  -2.8991852e+00
   6.6680842e-01
   1.2111666e-01
   9.8285109e-01
   7.5011577e-01
   2.7004135e+00
  -2.1748356e+00
  -3.7158777e+00
  -2.4454423e+00
   2.4407875e+00
   1.6920108e+00
  -3.1392916e+00
  -2.7185944e-01
   8.5670701e-01
   3.3034828e-02
   5.6951548e-01
  -2.6335341e+00
   3.0557131e+00
  -6.2837647e-01
  -2.1652415e+00
  -3.2170857e+00
  -1.6552977e+00
   5.9030801e+00
  -3.8232880e-01
   2.9572508e+00
  -5.9749370e-01
   2.5834136e+00
  -1.2637219e+00
  -1.2603558e+00
   2.5287385e-01
  -6.5758659e-01
   4.3228657e-01
  -1.2083558e-01
   3.8566022e-01
  -1.2207744e+00
   2.5246678e+00
   3.5070123e-01
   8.3765814e-01
  -2.2559408e+00
  -4.2277500e+00
  -8.2169940e-01
   1.1431014e+00
  -3.6113966e+00
   4.4256855e-01
   2.7953254e+00
   1.0182940e-02
  -3.6694165e-01
  -1.1974674e+00
  -1.2672431e-01
  -2.0357022e+00
   2.2289713e+00
   2.5296368e+00
   1.1798562e+00
  -1.5359085e+00
   2.8755060e+00
  -5.1359086e+00
   1.4891130e+00
   6.3430131e-01
   1.0907660e+00
   2.0099613e+00
  -2.4557860e+00
  -6.1998029e-01
   3.6614697e+00
  -2.1843054e+00
   1.9757764e+00
  -2.7079494e+00
   3.0823338e-01
   2.0485722e+00
   1.1115858e+00
   1.9823631e-01
   1.4101637e+00
  -1.5584527e+00
  -2.1493896e+00
  -4.9508711e+00
   2.1847441e+00
  -4.5443500e+00
  -1.5211254e-01
  -3.8364061e+00
   7.9589866e-01
   1.5169726e+00
   1.2312874e+00
  -7.2480509e-01
   2.8855511e+00
   8.4835255e-01
  -3.4105197e+00
  -5.5945864e-01
   8.0246206e-01
  -9.9865607e-01
   2.8255374e+00
  -3.4639398e+00
   9.2099443e-02
   5.6549213e-01
  -1.4296425e-01
   1.1046520e+00
  -2.6335110e+00
   3.1878713e+00
   5.5780672e-01
  -2.4009914e+00
  -1.1731330e+00
  -3.2056891e+00
  -9.0808523e-01
   2.1173026e+00
  -4.3253768e-01
   5.6545923e-01
   1.4588858e+00
  -2.1441761e+00
   9.4419815e-01
  -7.1590255e-01
  -1.4846628e+00
   1.6099967e+00
  -1.2646586e+00
  -7.5031846e-01
   4.3529974e+00
   9.7635431e-01
  -8.7345423e-01
   1.6759036e-01
  -2.6411543e+00
   1.5032012e+00
  -2.2722862e+00
   1.0129322e+00
  -8.7986078e-01
   3.2433048e+00
  -1.4982049e+00
  -1.5852614e+00
  -1.3660718e+00
  -9.6061033e-02
   1.6258619e-01
  -3.7373623e+00
   1.7590052e+00
  -1.8660996e+00
   4.7689735e+00
  -4.3452297e-01
  -9.3225479e-01
  -5.9016343e-01
   1.4363984e+00
   1.9732912e-01
   5.9872190e+00
  -4.8859063e+00
  -2.5527943e+00
  -6.8974942e-01
  -2.9347555e-02
  -1.4759723e+00
   8.2310083e-01
  -2.5611668e+00
   2.3640435e+00
   5.1911048e-01
  -3.0730935e-01
  -1.4906360e+00
  -1.9145092e+00
   1.0845023e+00
  -2.2149752e+00
   7.6236466e-01
  -1.5661595e+00
  -6.0897039e-01
   1.9294692e+00
  -1.1927778e+00
   2.0611126e+00
  -3.2193997e+00
  -2.1350347e+00
   3.1290666e+00
  -2.1678175e+00
  -5.6040879e-01
  -3.7786080e-01
   1.2025755e+00
   6.7637420e+00
   3.0632039e+00
  -1.6348147e+00
   8.5651043e-01
   1.8435596e+00
  -1.0000229e+00
  -5.1269113e+00
  -1.1205129e+00
  -3.5498242e+00
   2.0151761e+00
   5.1359193e-01
   2.7296942e+00
  -2.1638797e+00
   2.9494132e+00
  -2.8540269e+00
   2.6831929e+00
  -1.0630684e-01
   1.6756379e+00
  -1.9763336e+00
   1.4094134e+00
  -9.0711785e-01
  -2.8527447e+00
   2.8276203e+00
   1.8007822e+00
  -1.1951909e+00
   1.3123420e+00
  -1.0175542e+00
  -3.1316125e+00
  -4.6379785e+00
  -4.3759923e+00
  -1.5420966e+00
   7.8077663e-01
  -1.0251575e+00
  -7.1255064e-01
  -7.7643680e-03
   1.2220305e+00
   2.2425932e+00
  -4.9193624e-01
  -2.2277627e+00
   1.8394436e-01
  -1.5493780e+00
  -3.6213473e+00
   1.6006156e-01
   1.1182807e+00
   2.4025500e+00
   7.2870827e-01
  -6.0349629e-01
  -6.6108182e-01
   4.7118723e+00
  -8.5444607e-01
   1.3093189e-01
   1.9217890e+00
   1.6977614e+00
   2.9896473e+00
   2.8081695e+00
   2.0604655e+00
   3.7718738e+00
  -1.3315660e+00
   4.0760166e-01
  -1.5073357e+00
   3.7464579e+00
   4.9576255e+00
   2.2479864e+00
  -1.4453287e+00
  -1.4795705e+00
  -2.8015960e+00
  -8.2742801e-01
  -3.5720588e+00
  -3.0354149e+00
  -3.5837275e+00
   5.5598398e-01
  -4.7567665e+00
   7.3147003e-03
   6.8434330e-01
  -1.2511659e+00
  -1.8205762e+00
  -2.0400001e+00
  -2.1998659e+00
   2.6928911e+00
  -9.9661932e-01
  -7.1246734e-01
   1.4415319e-01
   2.8066678e+00
  -2.8863208e+00
   1.5134885e+00
  -3.0100578e+00
  -4.8094482e+00
  -8.3402962e-01
   1.2632231e+00
   1.7874404e+00
  -6.3567691e-01
   6.6130728e-01
   3.9934240e-01
  -3.8974354e-01
   2.1553567e+00
   1.2156277e+00
   1.2432188e+00
   1.6764759e+00
  -5.5395299e-01
   3.3463190e-01
  -1.3026078e+00
  -3.2799122e+00
   9.1280746e-01
  -9.7442835e-01
  -1.4791972e-01
   1.2033596e+00
  -1.3547274e+00
   4.5196077e+00
  -4.1213557e+00
  -3.2276286e+00
   1.6694873e+00
  -6.2886137e-01
  -4.5904884e-01
  -2.1081646e+00
   1.9711791e+00
   1.2372801e+00
   4.8688571e-01
  -3.7234577e+00
  -2.7298257e+00
  -3.9429673e-02
  -3.0478108e+00
   4.7985689e+00
  -4.3147748e-02
   1.8886323e+00
  -2.7472342e+00
   1.8713190e-01
   1.9422666e+00
   2.4789859e+00
  -1.1050104e+00
  -1.8206962e+00
  -1.5441382e+00
  -5.3541440e-02
  -4.2990415e-01
   3.5480455e-01
  -4.6879446e-01
   3.6382140e+00
  -2.2075619e+00
  -1.3867325e+00
   4.3456207e+00
   4.4461870e+00
  -2.3519920e+00
  -3.8862802e+00
   1.2405504e+00
  -2.3811949e+00
   7.8256399e-01
  -3.2011137e-01
   1.6260253e+00
  -3.3490697e+00
   5.5508005e-01
  -1.5927316e+00
  -3.9484096e+00
   3.8683404e-01
  -1.9759849e+00
   6.5805233e+00
   1.0856407e+00
  -1.1971470e+00
  -1.6614644e-01
  -1.2259820e+00
   1.9850173e+00
  -1.7732213e+00
  -8.5049394e-01
   1.0378022e+00
  -2.5685311e-02
   5.5033187e-01
   2.8886193e+00
  -1.1990663e+00
   2.8973413e+00
   2.7782330e-01
   4.5689863e+00
   2.6388289e+00
   2.2196219e+00
  -7.1857570e-01
  -1.1280370e+00
   1.1725059e+00
  -2.0939279e-01
  -1.8544842e+00
   2.4023070e-01
   1.6702498e+00
  -3.8949699e+00
  -1.8672250e+00
   3.8361240e+00
  -2.0861436e+00
  -2.3704717e+00
  -1.7063396e+00
   1.8198992e+00
   6.1863145e-01
  -5.1002349e+00
  -3.0304168e-01
  -3.7257886e+00
  -5.5982106e-01
  -4.7598444e+00
   1.5651431e+00
   1.4012447e+00
   2.3294771e+00
   2.4229703e+00
   1.5004824e+00
  -1.0240558e+00
  -9.0391747e-01
  -2.9104298e+00
  -3.0287541e+00
  -2.6681481e+00
  -2.5670669e+00
  -7.6646689e-01
  -4.4469647e-01
   1.8283329e+00
  -9.6421869e-01
  -3.2039721e-01
   2.0607416e-01
  -4.1250379e+00
  -2.9283529e+00
  -5.3151132e+00
  -5.1073450e-01
   6.0181846e-01
   7.4906003e-01
  -1.5753455e+00
  -1.8351110e+00
  -3.5457567e+00
   2.5691267e+00
  -1.7362632e+00
   9.4449885e-02
  -3.7999629e+00
  -1.0677496e+00
   1.2041679e+00
  -1.4480947e+00
   7.1304348e-01
  -1.3636955e+00
   1.6403015e+00
   4.4428528e-01
   1.7793920e-01
   2.5886447e+00
  -2.8116262e+00
   1.7570858e+00
   4.0880561e+00
   1.6106293e+00
   1.9694427e+00
  -1.3647429e+00
   1.8543715e+00
  -3.4172077e+00
  -2.5443183e+00
  -2.1192757e+00
  -3.0143910e+00
   3.9247051e+00
   4.4421901e+00
  -1.2258730e+00
   9.0349682e-01
  -4.1823761e+00
  -6.8269040e-01
   4.1527059e-01
   9.8945966e-01
   3.0232693e+00
   8.5207571e-01
   1.1627296e-01
   2.0452051e+00
  -1.2979914e+00
   3.4995791e-01
   3.9521157e+00
  -1.4255307e+00
  -1.5151287e+00
  -1.2427867e+00
  -3.2788429e+00
   9.8278972e-01
  -1.0384466e+00
  -4.3783396e+00
  -1.2049188e+00
   9.7379192e-01
   1.0688513e+00
  -3.9805563e-01
  -3.8396161e+00
  -2.0403321e+00
  -1.3771305e+00
   2.4115614e+00
  -1.0621837e+00
   7.9225277e-01
   3.7290042e+00
   2.9580467e+00
   3.4580310e-01
  -2.2849401e+00
   4.3163375e+00
  -3.5445550e+00
  -1.0198800e+00
  -1.0164486e+00
   9.4774967e-01
  -2.3440775e-01
  -2.4570052e+00
  -1.0423898e+00
  -2.9373771e+00
   2.3483661e-01
  -1.3576235e+00
   6.9674627e-01
  -4.3896134e-01
   1.7640679e+00
   1.1111588e-01
  -2.1701958e-01
   1.9109669e-01
   3.4407591e+00
   1.0568610e+00
   2.1040779e+00
  -1.1241239e+00
  -2.2951974e+00
   1.7865950e+00
   2.2167968e+00
  -1.0353285e+00
   3.4206911e+00
  -1.4057412e+00
   6.3413539e-01
   8.9652186e-01
  -1.2715074e+00
   8.7874852e-01
  -1.9862190e+00
   1.1113630e+00
  -5.9136150e+00
   5.7100663e-01
  -1.4539512e+00
   8.3803339e-02
  -2.3383161e+00
   2.7331025e+00
  -2.2764289e+00
  -1.2153374e+00
   1.5407261e+00
  -4.5277739e-01
  -2.0494610e-01
  -1.1740540e-01
   2.2114962e+00
  -4.6281060e-01
  -1.1414380e+00
  -3.1264884e-01
  -1.0376937e+00
  -6.8041693e-01
   4.5503584e-01
   1.1911851e+00
   1.3895076e+00
   1.4994461e+00
   2.7987912e-01
  -6.1829966e-01
   2.6241032e+00
  -3.9719006e-01
  -5.5224291e-01
  -2.2517337e-01
  -1.0485870e+00
  -1.9735336e+00
  -2.1896918e+00
  -1.6315927e+00
   5.2764008e-01
   1.7377371e+00
  -5.5209052e-01
   8.6908859e-01
  -2.0462932e+00
   4.9759402e-01
  -1.2086706e+00
   1.5583572e+00
   9.9465483e-01
  -1.7340568e+00
  -4.5047878e+00
  -7.7515359e-01
   3.1074599e+00
   2.0864398e+00
   4.4659142e-01
   2.0559164e+00
  -1.9550403e+00
  -2.5007892e+00
   2.1084376e-02
  -1.1674001e+00
  -3.3579405e+00
   8.2116633e-01
   2.2192671e+00
   1.1460611e+00
   1.1075741e+00
   1.1419080e+00
  -2.2614899e+00
  -8.8556635e-01
   1.2846454e+00
  -2.6837061e+00
   2.8956086e+00
   2.3373226e+00
  -6.6535325e-01
  -7.7371819e-01
   2.8440393e+00
   1.0696854e+00
   1.6274942e+00
   6.0247968e-01
  -7.8704632e-01
  -1.1425050e-01
   7.1230661e-01
  -8.9874493e-01
   5.7653598e-02
  -6.7511130e-01
  -2.3614433e+00
   3.2842875e+00
   2.4342981e+00
  -4.1074713e-01
   3.2438023e+00
   3.1276510e-01
   1.8850648e+00
   1.4941940e+00
   1.5948767e+00
  -8.3533078e-02
   4.4676121e-01
  -1.9332956e+00
   1.3900725e+00
  -1.2253383e+00
  -7.2884916e-01
  -3.1379976e+00
   2.3858507e-01
   2.6094492e+00
  -1.2888933e+00
   7.9726640e-01
  -3.1437769e+00
   1.4629448e+00
   2.5231265e+00
   4.0198519e-01
  -1.3214248e+00
   3.5052709e+00
  -3.0330275e+00
  -1.0089014e+00
  -3.7482665e-02
   1.6775522e+00
   3.2521587e-01
   1.3967472e+00
   1.3719301e+00
   5.7291448e-01
  -3.3010701e-01
  -7.5802748e-01
  -7.4309895e-01
  -7.9510833e-01
  -8.4152876e-01
  -1.7184722e+00
  -2.3685035e+00
   5.5657687e-01
   1.7110895e+00
  -1.3937239e+00
   8.2408544e-01
  -2.2442568e+00
  -2.1887584e+00
  -1.0361697e+00
  -1.8641611e-01
   2.3071305e+00
   1.2641608e+00
   8.5728328e-01
   2.6120447e+00
   9.6757730e-01
  -1.7684541e+00
   2.1136800e+00
  -1.3610525e+00
  -2.1050818e+00
   2.0505899e+00
  -8.6766350e-01
  -3.0027603e+00
  -1.5589135e+00
  -6.9697385e-01
  -2.3980220e+00
  -4.8580427e-01
   2.7050413e-01
   3.4469711e+00
  -2.9462613e-01
   3.8316698e-01
   2.6606471e+00
  -4.6174870e-01
   2.3376819e-01
   1.4194043e+00
   1.2822910e+00
  -2.4689280e+00
  -6.8565580e-01
  -3.5408716e-01
  -1.8983487e+00
   1.1762378e+00
   1.5650484e+00
   4.6023588e-01
   9.2541100e-01
   4.3885200e-01
   2.2015064e+00
   6.0916344e-01
   2.4992958e-01
   2.2111283e+00
  -4.4235603e-01
   3.1307257e+00
  -1.5960375e+00
  -2.6633507e+00
  -1.2752562e+00
  -6.8471670e-01
  -9.8990827e-01
  -1.4700349e+00
   1.2242575e+00
  -3.3336159e-01
   1.0702398e-01
   2.4323686e+00
   1.3722388e+00
  -1.5769523e+00
   4.3314301e+00
   2.9038320e+00
   1.2167352e+00
  -1.7571956e+00
   3.8832154e+00
  -1.2200124e+00
   7.0080721e-01
  -1.1163784e-01
  -1.6840976e-01
   5.0902749e+00
   1.9500535e+00
   1.2199229e-01
   3.8412228e+00
  -4.1071420e-01
  -1.3003184e+00
  -6.9437047e-01
  -8.9187133e-01
  -1.1106204e+00
  -6.9325039e-01
   1.5604560e+00
  -2.1852015e+00
   1.3040048e+00
  -1.3427761e+00
   2.0186328e+00
   3.1511652e+00
   8.6381170e-01
   5.2814174e-01
  -1.6079096e+00
  -3.8168393e-01
  -5.8943184e-01
  -3.5996301e-01
  -9.9083990e-01
  -5.2891168e-01
  -1.0929781e+00
   7.8006874e-01
  -4.7195596e-01
  -2.7463123e+00
  -3.0346280e+00
  -2.6336437e+00
  -1.3013989e+00
  -8.7639609e-01
  -1.4550944e-02
  -2.8721616e+00
  -2.5883817e+00
  -5.8125278e-01
  -3.9913102e+00
  -3.3898546e-01
  -2.9280837e+00
   1.8857731e+00
  -1.8709278e+00
   1.0957084e+00
  -2.1031347e+00
   2.7237317e+00
   8.5622532e-02
   3.9900361e-01
  -3.6175025e+00
   9.5646184e-01
  -1.4518515e+00
  -3.2702169e+00
  -1.7788154e+00
  -2.3093752e+00
  -2.4666478e-01
   3.1179246e+00
   8.8313187e-01
   3.4181580e+00
  -5.0753368e+00
  -1.4836245e+00
  -1.2899536e+00
  -1.6230484e+00
   4.0222944e+00
  -5.7617965e-01
  -2.5365598e+00
   1.1894549e+00
  -3.3615562e+00
   3.1494590e+00
   2.8963871e+00
   4.5707045e+00
   1.8214658e+00
  -1.4560906e-01
   2.2928661e+00
  -7.2527743e-01
   6.5720457e-01
  -2.3936163e+00
  -5.4859093e-01
   8.9119883e-01
   3.6592961e-01
   2.0046994e+00
  -3.8641425e-01
  -1.6711875e+00
  -1.2902950e+00
  -1.4977307e+00
   3.8912606e-01
   4.0307076e-01
   3.5942104e+00
  -5.5434134e-01
   1.0463571e+00
  -2.2366247e-01
   1.2346319e+00
   3.1039923e+00
   5.3470984e-01
  -4.8251295e-01
  -5.1259970e+00
  -1.6095635e+00
   5.3311004e-01
  -3.0217023e-01
   3.6910824e+00
   1.5826159e+00
   8.0637635e-01
   1.7662665e+00
  -1.6638870e+00
  -5.3439905e-01
   1.3810393e+00
  -5.2682849e-01
  -3.8924122e+00
   7.3973765e-01
  -2.8044230e+00
  -2.8126041e+00
   1.8480301e+00
   4.8284302e-01
  -2.2454492e+00
  -2.7404451e+00
  -1.2680957e+00
  -3.3745394e+00
   1.1259759e+00
   5.5965888e-01
  -3.5551495e+00
   1.3075185e-01
   6.8061871e+00
   1.3946337e+00
   1.7320992e+00
   3.8033943e+00
  -2.0310193e-01
   4.6325952e-01
  -4.3170585e-01
   8.2314828e-01
   1.1717604e+00
   9.7246066e-01
   3.2332118e+00
   3.9754488e-01
   6.7073931e-01
  -9.0977181e-01
   2.5308731e+00
  -1.4799632e+00
  -3.6418379e-01
  -1.8399041e+00
   2.8914147e+00
  -1.0556049e+00
  -1.8241189e+00
  -4.6358905e-01
  -1.5888742e+00
  -1.1984451e+00
   8.3409284e-01
   1.2034803e+00
   1.6913391e+00
   7.1832250e-01
   2.5528241e+00
   2.1805408e+00
   2.4523348e+00
  -6.8376637e-01
  -3.3471327e+00
  -4.1871734e-01
   2.3739419e-01
  -3.1890263e-01
  -6.7426052e-01
   1.0549623e-01
  -5.0220758e-01
   4.8488660e+00
  -1.5568495e+00
   9.8779382e-01
  -2.2874670e-01
   2.5669102e+00
   7.1149386e-01
   2.4487501e+00
   7.2506323e-01
   2.7530606e+00
   2.7691847e+00
  -2.1759100e+00
  -1.9229757e+00
  -7.7876759e-01
  -1.6169663e+00
   3.2957932e+00
   4.2845263e-01
  -1.2119740e+00
   9.8832435e-01
  -2.5498807e+00
  -3.7404400e+00
  -1.9107311e-01
  -1.7446173e+00
   9.8795325e-01
   2.7287267e+00
  -1.0899907e+00
  -1.5034874e+00
   7.2230945e-02
   2.7418973e+00
  -1.3707440e-01
   9.1882405e-01
   6.7467026e-01
  -1.2646496e+00
  -4.2197145e-01
  -9.6362912e-01
   2.9607958e-01
   1.8512048e+00
   7.0080504e-01
  -2.2370726e+00
  -3.0708262e+00
  -6.8753744e-01
  -1.4022881e+00
  -5.2509553e-01
  -5.2814800e+00
   1.7640586e+00
  -1.3441640e-01
   6.8045338e-01
  -1.5253493e+00
   1.4977099e+00
   6.8222461e-01
  -5.5833797e-01
  -7.2619489e-01
  -2.1659739e+00
  -1.5546653e+00
   3.0727226e+00
  -4.6871513e+00
  -1.4574137e+00
   5.1821787e+00
  -1.6974934e-01
   2.1742882e-01
   3.6903967e+00
  -3.7578931e+00
   3.3422720e+00
   2.9114130e+00
  -1.7055454e+00
   1.4600969e-02
   9.9733470e-01
  -1.0335268e+00
  -1.1012629e+00
  -8.9201900e-01
  -4.8402584e-01
  -3.0286664e-01
   1.4008678e+00
   5.4018403e-01
   2.2824976e+00
  -5.1137665e-01
   1.2467611e+00
   8.8395692e-02
   1.9632332e+00
   4.7115595e-01
   3.5127436e-01
  -1.7019191e+00
   1.3991942e+00
  -1.1759298e+00
   1.4483357e+00
   1.6033982e+00
  -1.3821864e+00
  -5.2324036e-01
  -1.0575140e+00
   1.6525380e+00
  -2.4548391e+00
   3.4347552e+00
   1.4575595e+00
   2.7869512e+00
   9.1638346e-01
   2.7874805e+00
   6.4087380e-01
  -6.1925924e-01
  -2.6918481e-01
   1.9033306e+00
  -3.1618730e-01
   5.7108136e-01
  -1.3650137e+00
  -5.9153965e-01
  -3.3828534e+00
  -5.2536837e-01
  -2.6152318e+00
   1.1510665e+00
   4.7996985e-01
  -2.0968698e+00
   2.3583271e+00
   1.8418896e+00
  -7.2097620e-01
   2.5552934e+00
   1.5431319e+00
  -8.5406463e-01
   1.6980973e+00
   3.0547088e-01
   3.0568154e+00
  -2.1697270e+00
   2.4579194e+00
  -4.0149134e-01
  -1.0540574e+00
  -2.8401402e+00
  -2.7543918e+00
   7.7004322e-01
   3.7753414e-01
   1.8470202e+00
   1.7847224e-01
  -1.0073332e+00
   1.3235120e+00
   7.0176517e-01
   3.0533408e+00
  -4.2631605e+00
  -2.7819844e+00
   1.3145542e+00
   2.5340249e+00
  -1.0607841e+00
   3.6949445e-01
  -6.3640044e-04
  -1.0811983e+00
  -1.6026721e+00
   5.6039024e-01
  -2.3734193e+00
   4.6020780e+00
  -2.7534531e+00
   2.9889030e+00
   1.3385819e+00
   4.6893835e-01
  -8.3523600e-02
  -1.1951793e+00
   1.0248415e+00
  -2.2531286e-01
   2.4429236e-01
   2.5923803e+00
  -9.0673016e-01
   2.4396923e+00
   9.5305852e-01
   1.5572024e+00
   4.0146304e-01
   1.2962908e-01
   3.6346967e-01
   1.7323873e+00
  -1.1515425e+00
   2.5507391e+00
  -6.0162973e-01
   1.5806975e+00
  -3.1520889e+00
   3.6669585e+00
   9.1396274e-01
   3.9728079e-01
  -1.0360607e+00
  -1.6892655e+00
   1.2475306e+00
  -1.4189494e-01
   1.1403129e+00
  -1.8353535e+00
  -7.3473485e-01
  -2.7345326e-01
  -2.3271754e-01
   8.1741184e-01
   9.9292337e-01
  -6.8364836e-01
   1.1599879e-01
  -1.0029670e+00
  -9.1928460e-01
  -1.1614366e+00
   8.5120877e-01
   1.0390425e-01
  -8.9909805e-01
   1.4927718e+00
   3.8636937e+00
  -2.4652966e+00
   2.7435990e+00
   8.5113764e-01
  -9.8505464e-01
   5.7485211e-01
   1.6714655e+00
  -3.6274259e-01
  -8.4893481e-02
  -3.0042623e+00
  -6.0555219e+00
  -3.5083662e-01
  -1.1880382e+00
   4.3949603e-01
   1.1484138e+00
   2.7700794e+00
   9.2385555e-01
   2.2991511e+00
   3.4841452e-01
   5.0888997e+00
  -2.7053634e-01
   5.4059041e-01
   2.9838268e+00
  -2.8404538e+00
   5.3941780e+00
  -1.4559953e+00
   2.4928094e+00
   2.2592396e+00
  -3.3552011e-01
  -4.7979903e+00
  -2.8232144e+00
   1.7294683e-02
  -3.4200423e-02
   1.6223140e+00
  -7.1845377e-01
   8.8261800e-01
   2.7297236e+00
  -1.3786555e-01
   4.4534860e-01
   9.4921283e-01
   1.5902745e+00
  -6.1246114e-01
   1.6405269e+00
  -2.5268519e+00
  -8.0937679e-01
  -2.0613308e+00
  -2.6921271e+00
   3.8554243e+00
   2.3420103e+00
  -3.9209095e-01
   2.1275090e-01
   3.5063474e+00
  -2.1414669e+00
  -9.9157899e-01
  -6.7701906e-01
   1.2836824e+00
   1.0251908e-01
  -1.3179057e+00
   1.2582229e+00
  -1.9082204e+00
  -2.8589192e+00
   9.5619429e-01
   1.0873587e+00
   5.1274012e-01
  -2.8689213e+00
  -1.5828804e+00
  -1.5041869e+00
   1.7720722e-01
  -6.0370828e-01
   7.0244990e-01
  -2.0365966e+00
   1.6584666e-01
   2.2826770e+00
  -8.0928779e-02
   4.3018647e-02
   8.7545947e-02
  -1.1478851e+00
   2.4804307e+00
  -2.4245231e+00
   7.9048614e-01
  -2.1157106e+00
  -1.6122214e+00
   4.8336452e-01
   1.1150893e+00
  -7.3909637e-02
   9.1497103e-01
  -1.3212282e+00
   3.3667514e+00
  -5.0063101e+00
   1.8392904e+00
   8.7553134e-01
  -2.8679945e+00
   6.6063053e-01
  -1.1002118e+00
  -2.7530404e-01
   2.7639871e-01
   2.8409400e-01
   4.7939005e-01
   2.6476709e+00
   2.3293797e+00
  -5.3089058e-02
  -2.4103849e+00
   3.3862354e+00
  -4.4551656e-01
   2.7755339e+00
   7.1139650e-01
   2.1243833e+00
  -1.2496083e-01
  -1.5736536e+00
   9.8914410e-01
  -1.1377577e+00
  -7.0700473e-01
   2.3731666e-01
   9.9025063e-03
  -2.8036907e+00
  -1.8366914e+00
   3.4152522e+00
   4.6417779e+00
  -9.8736793e-01
   2.9410147e-01
   8.5769145e-01
  -4.2953922e+00
   1.3712969e+00
  -9.1312627e-01
  -2.6500149e+00
  -4.2508467e-01
   2.3814376e+00
   1.8689252e-01
  -1.8708475e+00
   1.3487491e+00
   5.7205262e-01
  -9.2416366e-01
   1.1794216e+00
  -1.3167226e+00
  -1.5863845e+00
  -3.4531965e+00
   1.8258906e-01
  -1.2355275e+00
  -2.9451122e-01
   4.7724868e-01
  -6.9181253e-01
  -4.1246459e+00
   2.9708729e-01
   7.6472229e-01
   2.1615950e+00
   7.1123419e-01
  -3.6249105e+00
   2.2208098e+00
  -1.8799793e-01
   3.5879744e+00
  -4.8024020e-01
  -4.8588568e-01
  -4.2655384e+00
  -3.0086963e+00
  -3.3100210e+00
  -2.4508533e-01
  -2.5255637e+00
  -2.5768241e+00
  -6.6680610e-01
   3.0915570e+00
  -7.4998422e-01
  -4.1062769e+00
  -3.8366059e+00
  -2.6776388e+00
   1.1437661e-01
  -7.4398115e-01
   1.0434279e+00
   2.2733167e+00
   3.2587890e+00
  -3.3249716e+00
  -1.8273640e+00
  -1.8394693e+00
  -2.1282987e+00
  -5.2177473e+00
  -2.7408849e+00
   2.3373307e+00
   3.7405852e-01
   9.0831220e-01
   2.2724677e+00
  -1.7850708e+00
  -2.0313124e-01
  -8.2332451e-01
   5.8891551e-01
   3.8175048e+00
  -1.1823473e+00
   2.0844718e+00
   8.2967232e-01
   1.6159812e+00
   2.8760982e+00
  -9.4930405e-01
   2.8794056e+00
  -3.8782680e+00
  -4.1035339e-01
   3.8257495e+00
  -3.6048012e+00
  -1.4839107e+00
   2.1338682e-01
  -5.8249318e-01
   1.7494672e-01
   4.1997780e-01
   4.5523975e-01
   3.6702531e+00
   3.1323952e+00
   3.7672162e+00
   5.2936820e-01
  -4.4874872e-01
   7.0576260e-01
   2.1319734e+00
   3.0654414e+00
   1.9439545e+00
  -2.1191478e+00
  -1.6448615e+00
  -2.9230696e+00
  -7.9758165e-01
   9.4376537e-02
   3.9875732e+00
  -8.2359791e-01
   8.9001514e-01
  -2.1569843e+00
   1.9414395e+00
  -4.2943798e-01
   1.5041955e+00
   1.6936205e+00
  -9.6076853e-01
  -2.3723481e+00
  -4.9556244e+00
  -1.1621179e+00
   6.9524093e-01
   1.2537813e-01
   2.4461094e+00
  -6.4848684e-01
   1.4371173e+00
   7.1557583e-01
   4.7867062e-01
  -1.2810332e+00
   2.0644684e+00
  -1.0026980e+00
  -1.9377783e+00
   2.2221384e+00
   5.8662115e+00
  -1.5145105e+00
  -8.9699350e-01
   3.4577659e+00
  -3.2876517e+00
  -4.2309706e+00
  -3.1057102e-01
   1.6883119e+00
   5.8113856e+00
   5.8539136e+00
   1.2173167e+00
   3.8187796e-01
  -1.9798951e+00
  -2.5717609e+00
   4.8922170e-01
   1.3161005e+00
  -3.5822263e-01
   2.4744468e+00
  -7.7723946e-01
   4.0757273e+00
   7.5077674e-01
   1.6656299e+00
  -3.4201733e+00
   1.1084999e+00
   7.9713496e-01
  -4.5468768e-01
   4.6051180e-01
  -1.0562713e-02
   1.3013076e+00
   6.7532327e-01
   3.2058928e+00
   8.6042741e-01
   1.7715252e+00
  -9.2591534e-01
   1.4652026e+00
  -5.5189782e-01
   2.7865518e+00
  -3.2457386e+00
   8.8999557e-01
  -1.2560754e+00
   1.5602903e+00
  -1.3369790e+00
  -1.1384560e+00
   2.2987802e-01
   7.6860852e-01
   1.9079092e+00
   1.2405420e+00
   1.6769427e+00
   4.4727638e-01
   3.2562462e+00
   3.0729470e+00
  -1.3693946e+00
  -3.2019170e+00
   2.8794755e+00
  -5.8959287e-01
   1.6889070e+00
   2.4093573e+00
  -2.2771879e+00
  -9.4630247e-01
   8.5638732e-01
  -6.2189895e-01
   8.3024241e-01
   4.7844288e-01
  -2.4041655e+00
  -1.3990895e+00
  -1.4633584e-02
  -3.9273529e+00
  -2.5819068e+00
   6.4999732e-01
  -3.0545930e+00
   1.4436776e+00
  -2.7762368e+00
   3.1749522e-01
   2.0025086e+00
   1.4367817e+00
  -9.7389156e-01
  -1.3520258e+00
   2.3868191e+00
   2.7724633e-01
   2.6405381e-01
   3.4431516e+00
   4.4234974e+00
  -2.2957287e+00
  -1.5317075e+00
  -8.2506440e-01
   2.2808883e+00
   3.6096834e+00
   2.0260262e+00
  -3.1309468e-01
   2.4077963e+00
   9.2257437e-01
   4.0515960e-01
   2.1858847e+00
   1.9479392e-01
   2.7132718e+00
   3.5346076e-01
   3.2604984e+00
   3.0286338e+00
  -1.8579272e+00
   1.9663631e+00
   8.0016926e-01
   2.7297145e+00
  -3.5252889e+00
  -1.8149310e+00
   1.2952151e+00
  -5.5490918e+00
  -3.8834273e+00
  -3.2163791e+00
   1.2801779e+00
  -2.6682474e-01
   5.0054344e+00
   1.1058906e+00
   1.9015030e+00
  -1.1610225e+00
  -1.4200315e+00
   2.6245153e+00
   2.3859230e+00
   3.7151422e+00
   3.7464469e+00
   1.1868294e+00
   1.3479433e-02
   9.3686212e-01
  -8.0574347e-01
  -1.2418743e+00
  -2.0982509e-01
  -3.7009978e+00
  -1.8134375e+00
   1.4532504e-01
   6.4418617e-01
  -5.3963766e-01
  -1.2679119e+00
  -2.2087643e+00
  -1.4566112e+00
  -2.1640779e+00
  -3.7309513e-01
   1.8098734e+00
  -3.0920240e+00
  -1.2562685e+00
  -1.7341172e+00
   1.9299970e+00
   1.1312283e+00
   2.5852158e+00
  -2.7630729e+00
  -1.8383876e+00
  -2.7985747e+00
  -1.0233411e-03
  -2.4091548e+00
   1.9766565e+00
  -2.3815904e+00
   1.0686224e+00
  -5.3235456e+00
  -1.7453307e+00
   7.3082906e-01
   1.7177497e+00
   1.6612084e+00
  -2.9196971e+00
   1.9445423e+00
   2.1052263e+00
  -6.3704979e-01
   1.8587169e+00
  -2.1246824e+00
  -2.3171597e+00
   6.5169545e-04
   3.4371244e-01
   9.5597729e-01
   8.0631356e-01
   3.0947793e-01
  -4.9829591e-02
   6.9741118e-01
   3.2350069e-01
  -4.1165750e+00
  -1.8331978e-01
   1.7687256e+00
   2.6826547e-01
  -2.2244359e+00
  -1.5051302e+00
   2.7953307e+00
  -2.2183288e+00
   1.4913719e+00
   2.5846200e+00
   4.0781052e-01
  -3.2229281e-01
  -2.3671560e+00
   1.0123012e+00
   6.8761643e-01
   6.4376433e-01
   9.5095219e-02
   6.0500153e-01
   7.1638092e-01
   1.7320027e+00
   2.1254409e+00
  -4.8085996e-01
   1.8084680e+00
   3.2643049e+00
   1.3074501e+00
   1.0280138e+00
  -1.1837442e+00
   3.2955878e+00
  -1.5255985e+00
  -1.1538974e+00
   7.5574546e-01
  -1.7427171e+00
  -4.3679980e+00
  -4.9661499e+00
  -2.7977440e+00
   2.0830597e-01
  -1.8207182e+00
  -5.7724293e-01
  -1.1549033e+00
   2.7711844e+00
   4.9030889e-01
  -2.2140411e+00
  -4.3759514e-01
  -2.8500376e+00
  -9.4839816e-01
  -7.9986268e-01
   4.6650337e+00
   1.2917068e+00
   1.6176359e+00
   2.5053973e+00
   2.3156631e+00
  -6.4232315e-01
  -2.8029974e-01
  -4.1820561e+00
   5.0292311e-02
  -2.5413160e+00
  -1.2241138e+00
  -2.5573564e-01
  -1.7353661e+00
   3.1902515e+00
  -1.8586386e+00
  -1.3006096e+00
   2.3562456e+00
   3.0213252e+00
  -5.9816910e-01
  -1.9611893e+00
   1.6305247e+00
  -1.0555298e+00
  -4.6614793e+00
  -1.6813999e+00
   2.2271513e+00
   4.7294580e+00
   1.0348381e+00
   1.1841325e+00
  -2.6448321e+00
  -2.7600062e+00
   1.2832404e+00
  -1.2450596e+00
  -5.6097673e-01
  -1.9994498e+00
  -3.0523128e-01
  -1.2313876e+00
  -3.0852083e+00
  -3.5556249e-01
   1.4853581e+00
   1.7682679e+00
  -1.6265785e+00
   3.6548814e+00
   1.8292210e-01
   2.0298041e+00
  -1.7811908e+00
   4.2752455e+00
  -1.0421819e+00
   8.5641713e-01
  -1.7023415e+00
   1.4062260e+00
   3.0476666e+00
  -1.0650466e+00
   3.1580719e-01
  -4.7768309e-01
  -1.1294071e+00
  -9.4549723e-01
  -2.7610479e+00
  -1.3167486e+00
  -4.0394908e-01
  -7.0806334e-01
  -8.3078049e-01
  -4.3558657e-01
  -6.9373371e-01
  -2.3178923e+00
  -1.4900943e+00
   3.5943868e+00
  -2.0532990e+00
   1.6343754e+00
  -2.3361035e+00
   3.9484314e+00
   1.0179667e+00
   2.7269361e+00
   1.8608400e+00
  -8.1679871e-01
   1.0547968e+00
  -4.9807484e-01
   8.1749966e-01
   7.6151379e-01
  -1.7333751e+00
  -8.2615691e-01
  -9.2400072e-01
   1.7000429e+00
  -2.0903171e+00
  -2.9478236e+00
   4.1486893e-01
  -2.6750092e-01
   1.3228845e+00
   2.8943092e+00
  -3.0721548e+00
  -4.2969638e+00
  -4.0260103e+00
  -1.4101976e+00
  -2.2753659e+00
   1.5734265e-01
  -3.5197535e-01
   2.8727311e+00
   4.8722670e-01
   1.5281347e-01
  -1.8798489e+00
   9.2658375e-01
  -2.5620621e-01
   1.2834401e+00
  -3.0942692e-02
  -2.2272741e+00
   3.5167868e+00
  -1.6728325e+00
  -2.2182667e-02
   1.1710283e+00
   9.5089959e-01
  -1.2732280e+00
   2.4478823e+00
  -6.5388115e+00
   1.9234663e+00
   2.7358159e+00
  -1.0208459e+00
  -3.7505746e-01
  -5.8030126e-01
   5.8610598e+00
   2.2761289e+00
   3.3708463e-01
  -7.2580144e-01
  -2.5732084e+00
   3.2092044e+00
  -2.5431278e+00
  -1.6303556e+00
  -1.8541812e+00
  -2.7655312e+00
  -2.9177432e+00
   1.2690163e+00
   2.5819048e-01
  -6.2147441e-02
   4.8399626e-01
  -6.4244508e-01
  -1.4401543e+00
  -1.4132027e+00
  -9.7793972e-01
   1.3115404e+00
   1.4464391e+00
  -1.4741219e+00
   3.1646627e-01
  -7.3893892e-01
  -2.3266811e-01
  -1.2353346e+00
   1.5122415e-01
   8.4700006e-01
  -4.2196772e+00
  -2.9492915e+00
  -1.1110948e+00
  -1.2179109e+00
  -4.4055520e-01
   1.2384180e+00
   1.9411538e+00
   1.9615998e+00
   1.0851960e+00
   2.1046663e+00
   1.5675916e+00
   1.1268569e-01
   2.9911680e+00
  -1.3471978e+00
   7.7113103e-01
  -1.4677027e+00
  -2.2626463e+00
  -1.3646347e+00
  -8.2351398e-01
  -3.5595932e+00
   2.4780860e-01
  -6.7779032e-01
   3.7916235e+00
   4.0333459e-01
  -3.2790363e+00
   3.1746081e+00
  -2.7135426e-01
  -2.5116190e+00
   3.7812556e-01
   3.3821996e+00
   1.4532263e+00
   1.5979014e+00
  -1.3273473e+00
   2.5851321e-01
  -7.7161006e-01
   3.2576219e-01
   6.1632917e-01
  -1.4540866e+00
  -1.2066115e+00
  -1.7896027e+00
   1.7460749e+00
   3.3049487e+00
   3.0651631e+00
   4.1691960e+00
  -2.3666597e+00
  -1.5370704e+00
   4.1204096e+00
   1.1597590e+00
  -2.0623666e+00
   3.4280698e+00
  -2.2402800e+00
  -1.0747612e-01
  -1.1306990e+00
   2.3788099e+00
   3.3107765e+00
   2.2952787e+00
   2.8149801e+00
   2.3280493e+00
   8.1209661e-01
  -9.5476339e-02
   1.3410319e+00
   1.5744215e+00
  -3.2378619e+00
  -2.9788737e-01
   3.7038144e+00
  -1.3780475e+00
   3.4373379e-01
  -1.8281742e+00
   2.0824423e+00
  -2.1225400e+00
  -3.1400325e+00
  -5.5533680e-01
  -2.5133903e+00
   2.9144408e+00
   1.5570557e+00
  -1.2550725e-01
  -2.2386791e-01
  -4.7507597e+00
   9.5248717e-01
   5.3574842e+00
   1.2190728e+00
  -2.5665051e+00
  -3.1419459e-01
   1.2730781e+00
  -3.0353736e+00
   1.0632561e+00
   1.8657531e+00
   1.1960060e+00
  -1.3221018e+00
  -2.5972130e+00
   6.4370983e-01
  -3.0164857e+00
  -5.5450116e-01
  -1.4750860e+00
  -4.9556872e-01
   3.6101552e-03
  -4.6419438e-01
   1.0337875e+00
  -4.3318939e+00
   2.9953851e+00
  -1.2790131e+00
  -1.5550877e+00
   1.3301040e+00
   9.0601542e-01
  -1.4927052e+00
   6.2979980e-02
  -1.8312745e+00
  -1.6317166e+00
  -4.8910874e-01
  -7.9902231e-01
  -4.5538199e-01
  -2.1473838e+00
  -1.9035930e+00
   3.6774789e-01
   2.1460220e+00
  -1.4606555e+00
   3.8406733e+00
  -2.2072735e+00
  -2.7491358e+00
   2.7401000e+00
  -2.6673156e+00
  -2.9966053e-02
  -1.0580933e+00
  -1.5705987e+00
  -5.9954811e-01
  -9.3791826e-03
  -4.9817930e-01
   2.6954140e+00
  -1.6252023e+00
   2.2819680e+00
  -6.5346635e-01
  -4.0388189e+00
   2.8556965e-01
   1.7105892e+00
  -1.0852098e+00
   3.4287031e+00
  -1.2854476e+00
  -1.8716405e+00
  -1.5111816e+00
   2.9731825e+00
  -3.2166024e+00
   3.0599861e-01
  -5.7696979e-01
  -2.5445246e+00
  -1.5202290e+00
   1.2854214e+00
   1.4713662e+00
  -2.0063740e+00
   5.8134305e-01
   4.7656851e-02
  -1.2020706e+00
  -5.4372937e-01
  -1.9683721e+00
  -3.0245540e-01
   4.2675752e+00
   5.9156963e-01
  -2.1906137e-01
   2.1522976e+00
  -2.9349781e-01
   4.9949070e-01
   8.3414524e-01
  -8.4197129e-01
   3.9915835e+00
   2.5055349e-01
   5.6248094e-01
   9.9332144e-01
   2.0708083e+00
   5.5383845e-01
   1.2449753e+00
  -7.6095785e-01
  -1.4595111e-01
  -1.2023687e+00
   8.0885973e-01
  -6.2868069e-01
   2.4196740e+00
   4.7350339e+00
  -2.2940086e+00
  -1.2524054e+00
   1.4992580e+00
  -1.9348675e-01
   3.6216469e+00
  -1.3336092e-01
   4.1080995e+00
  -1.8480506e+00
  -5.3169310e-01
   1.5440626e+00
  -1.3061978e+00
   1.1111186e+00
   7.9864503e-02
   1.4283121e+00
   8.7175904e-01
   3.0308401e+00
   1.6518955e+00
  -7.9153301e-01
  -3.7122197e+00
  -8.6444815e-01
  -2.3229426e+00
   5.7779790e+00
   7.1685537e-01
   1.7407486e+00
   1.7877001e+00
   7.7464193e-01
  -2.6869462e+00
   4.4509201e+00
   1.1760726e+00
  -1.0006877e+00
   4.3863634e-01
   2.9305148e+00
  -6.7901779e-01
   1.0656092e+00
   2.9392180e-01
  -2.1951631e+00
  -4.5797049e-01
  -8.0458954e-01
  -6.7586283e-01
   5.6038997e-01
  -1.2202170e+00
   9.7199959e-01
  -1.4598504e+00
   8.4353629e-01
  -8.1117834e-01
  -2.5093762e+00
   2.6079410e-01
   1.6874494e+00
  -4.2799729e-01
   8.8298124e-01
  -1.7460556e+00
  -2.2108528e+00
   1.3608714e+00
  -8.0332304e-02
  -3.5656523e+00
  -3.0650993e+00
   1.2313487e+00
   9.0925121e-01
  -1.0138589e+00
   1.7168551e+00
   7.7643131e-01
   1.4100795e+00
  -5.0627455e-02
  -3.1688701e+00
  -7.2621867e-01
  -4.8625758e-01
   1.6440992e+00
   6.8130002e-01
  -3.0048234e+00
   8.0448101e-01
  -1.8168917e+00
  -1.0392506e+00
  -7.7097185e-01
   1.2897896e+00
   1.7656209e+00
  -2.7576486e-01
  -2.9103441e+00
   1.2000789e+00
   2.2805017e+00
  -3.3075913e+00
  -3.7075239e-02
  -5.0716572e+00
   3.5018637e-01
   5.6820959e-01
  -2.5290656e+00
   1.2354170e+00
  -5.3485769e-01
   9.1928789e-01
   6.9323366e-01
  -1.4739414e+00
  -2.2444946e-01
   9.5628741e-01
  -4.7497016e+00
   6.2379085e-01
   8.6458644e-01
   8.2874460e-01
  -2.9311217e-01
  -1.2029564e+00
  -4.4783015e+00
   2.7267276e+00
  -1.7490563e+00
  -2.4068872e+00
   2.6501838e+00
  -1.6808449e+00
  -2.0410567e+00
   1.0624260e+00
  -1.5026961e+00
  -1.5866861e+00
   3.9570806e+00
  -8.7610006e-02
  -7.1677726e-01
  -3.6734058e+00
   2.8929280e-01
   3.9918612e+00
   1.6593931e+00
  -2.8654684e+00
  -1.2945353e+00
   1.2461716e+00
   2.1343550e+00
  -1.2120436e+00
  -6.9542353e-01
   1.5669430e+00
  -1.3407212e+00
   2.6971671e+00
  -2.8435300e+00
  -4.7815235e-01
  -4.8514149e+00
  -2.3914232e+00
  -6.7416217e-02
   2.7245350e+00
   2.6942106e+00
  -2.2782862e+00
   2.4697354e-01
   9.8069161e-01
  -1.0093449e+00
   9.4072710e-02
   9.7765586e-01
  -7.5991909e-01
  -9.6224346e-01
  -1.2626506e+00
  -4.3424603e-01
   2.2726884e+00
  -1.6749209e+00
  -1.6967779e+00
  -2.6962722e+00
   8.4735529e-01
  -1.4696571e+00
  -2.4066951e+00
  -3.0277400e+00
   5.1028170e-01
   3.6023919e+00
  -4.3923209e-01
   1.4751356e+00
   2.5645992e+00
   1.4444354e+00
   3.8093900e+00
  -5.0457609e-01
   1.1006119e+00
  -4.8087310e-02
  -1.9987288e+00
  -1.5631147e+00
   1.6272910e+00
   4.1254535e+00
   2.3161212e+00
   4.4190541e-01
   2.8439349e+00
  -4.1775631e-01
  -1.6970800e+00
  -1.8466560e+00
  -2.4170372e+00
   1.2721539e+00
   5.1422806e-01
  -2.2294842e+00
  -4.2198106e-01
  -1.7559961e+00
  -1.6278905e+00
   1.8507446e+00
   2.9848106e+00
  -4.8877402e-01
  -6.3693483e-01
   9.5997379e-01
  -5.7848215e-01
  -1.6997592e+00
   2.9959499e+00
  -3.0573094e+00
   5.9107555e+00
  -1.1228293e+00
   3.7392795e-01
  -2.2951296e+00
  -1.1398672e+00
   1.3336259e+00
   5.4147542e-01
  -5.2143688e-01
  -1.1749238e-02
   4.8511749e-01
   3.2455889e+00
   4.3795595e-01
   5.1130623e-01
   3.2450181e+00
   1.3110823e+00
  -2.4351721e+00
  -1.3494760e+00
  -4.0239741e+00
   2.2780396e-01
   3.3308745e+00
   3.9236272e+00
   1.1999445e+00
  -9.4319216e-01
  -7.4763189e-01
   1.1356368e+00
  -8.8404454e-02
   1.9279660e+00
   2.7823247e+00
   1.2066905e-01
  -4.4173925e-01
   1.8903035e+00
   9.3217339e-01
  -2.5579704e+00
  -2.4540966e+00
  -2.2596624e+00
  -2.6937944e+00
  -8.0439869e-01
  -7.1592413e-01
   2.3603454e+00
   5.1846505e-01
   2.9518419e+00
  -1.4611345e+00
   1.6408263e+00
   2.9796333e+00
  -3.7792923e-01
   3.5754366e-01
   2.7997531e+00
  -1.0814335e+00
   1.6304066e+00
  -2.5289121e+00
  -1.7232761e+00
  -8.2711074e-01
  -3.3393674e-02
   7.4470000e-02
  -2.5960455e+00
  -2.0496713e+00
   2.0002822e+00
   2.3410525e+00
  -4.0479973e+00
  -1.5351809e-01
   1.6675082e+00
   3.8658811e-01
   2.5445841e+00
   1.2127287e+00
  -2.6344910e+00
   1.7199280e+00
   8.0688419e-01
  -1.1674160e+00
  -8.6281895e-01
  -8.3951408e-01
  -1.0576303e+00
  -1.4097529e+00
   3.3759159e+00
  -1.5277777e+00
   4.9705527e-02
   2.7453587e+00
   1.7360942e+00
   2.7447957e-01
   1.0932303e-02
   1.4256751e+00
   9.0932313e-01
   1.4562564e+00
   2.9783937e+00
  -1.4811307e+00
  -1.4702575e-01
  -3.1713896e+00
  -1.8063443e-01
   4.9714481e-01
  -9.4776363e-02
  -2.8314064e+00
  -3.9769301e+00
   4.6406579e+00
  -1.5320167e+00
   1.6146194e+00
  -1.3393824e+00
   1.2249146e-01
  -2.1923540e+00
   2.1376357e+00
  -1.3132757e+00
  -2.4894421e+00
   3.6494610e-01
   2.7230059e-01
  -1.1055658e+00
   3.0944835e-02
   1.0540946e+00
  -5.9884016e+00
  -9.2760731e-01
   5.3337641e-01
   2.3592855e-01
   4.6247332e-01
   1.4056177e-01
  -1.7431568e+00
   2.1067591e+00
  -1.5012832e+00
  -3.2682754e+00
   1.6890742e+00
   2.6480161e+00
   1.1912961e+00
   1.8608486e+00
   1.2789505e+00
  -6.7830211e-01
   3.4297655e+00
   1.9157213e+00
   1.5847306e-02
   1.8149187e+00
   3.2149917e+00
   2.0091177e+00
   6.8275588e-01
   3.0815345e+00
   1.3120349e+00
   2.8424405e+00
   1.4112864e+00
   1.6701890e-02
   1.1154173e+00
   3.1722907e+00
  -1.5832116e+00
  -3.2651114e+00
   1.4369220e+00
  -5.5222666e-01
   1.9000253e+00
   9.0050841e-01
  -7.3614603e-01
   4.3239178e-01
   1.6861597e+00
   2.0695825e-01
   5.7302573e-01
   6.8827087e-01
   1.1402722e-01
  -3.7536492e+00
   1.2000818e+00
   1.1505532e+00
   7.6250581e-01
  -2.0358030e+00
   3.3562366e-01
   1.7772940e+00
   9.1350445e-01
   1.9821620e+00
   1.2617627e+00
  -1.0411657e+00
   1.2291302e+00
   1.2791279e+00
  -4.6996715e-01
   9.4440765e-01
   2.9031778e-02
   1.4545815e+00
  -7.1515986e-01
  -1.6441505e+00
  -3.8708539e+00
   5.0366464e-01
   1.2849403e+00
   4.7383748e-01
   2.0961280e+00
  -4.4684470e+00
   8.5319604e-01
   4.7244134e+00
   1.5209404e+00
   6.9687098e-01
  -1.9349618e+00
  -1.6556584e+00
   5.4804430e-01
  -5.5446889e-01
  -8.6451070e-01
  -6.6587462e-01
  -1.0483341e-01
   3.1888121e+00
   2.9792746e+00
   1.2806030e+00
  -3.4195056e+00
   5.6239923e-01
   1.4375292e+00
  -1.3043454e+00
  -3.5291128e+00
  -1.6234137e+00
   1.6969967e+00
  -9.2950344e-01
   3.2661619e-01
   2.0191558e-01
   2.5041147e+00
   2.1587371e+00
   1.7989463e+00
   2.0994869e+00
   1.6036781e+00
  -1.3099465e+00
   1.9898414e+00
   2.0522349e+00
   1.4845480e+00
   5.2053700e-01
  -1.6204645e+00
  -2.8887395e+00
   1.5331939e-01
   7.8813494e-01
   9.5084394e-01
   1.7317917e-01
  -8.5765398e-01
   3.3678805e+00
   4.1500042e+00
   5.7569310e+00
  -2.5794297e+00
  -1.9818956e+00
   1.3044633e+00
   1.7614912e+00
   6.2367087e-01
  -1.7136964e+00
  -1.1086053e+00
   2.4082743e-01
  -3.1389845e+00
  -2.6315682e+00
   3.5028140e-01
  -4.2280637e-01
   7.0906595e-01
   2.2680219e-01
  -1.5267406e-02
   2.6121463e-01
   3.6997933e+00
  -1.3779843e+00
   6.2415310e+00
   4.5793617e+00
   3.1745814e+00
  -4.9321679e+00
  -6.3674283e-01
  -1.9671410e+00
   9.2570278e-01
  -2.9109618e+00
   1.0158371e-01
   2.0311656e+00
  -3.3916369e+00
  -2.6983161e+00
  -2.4748790e+00
  -8.8335608e-01
   2.0582358e+00
   1.2093382e+00
  -1.4119468e+00
  -4.6781280e-01
  -1.7290246e+00
   3.6579754e-01
   1.3320181e+00
  -7.6872711e-01
   1.4690292e+00
  -3.2546815e-01
   2.3145874e+00
  -3.3928402e+00
  -8.7670778e-01
   7.1055017e-01
  -1.2734956e+00
  -2.0006128e+00
  -4.6616395e-01
  -1.8382994e-01
   2.4412040e+00
  -1.7586725e+00
   1.2586101e+00
  -1.0752163e+00
  -2.1494250e+00
   2.2976059e-01
   5.2719313e+00
  -7.5540164e-01
   3.1343034e+00
   1.1710649e+00
  -2.0031326e+00
   2.4069495e+00
   9.8937321e-01
   5.7151037e-01
   1.8436741e-01
  -3.8452006e-01
   3.5801076e+00
  -1.5384670e-01
   2.4412271e+00
   1.0460288e+00
  -1.1337691e+00
   2.7802999e+00
   2.8222635e+00
  -2.4881323e+00
  -3.1841793e-01
  -1.5313508e+00
   2.8507696e+00
  -1.0387345e+00
   8.2428448e-01
  -8.7860501e-01
  -1.6718209e-01
  -1.6826311e-01
  -1.9182669e+00
  -1.2543019e+00
   4.1383535e+00
   2.0202895e+00
   1.9758224e+00
   4.5675489e-01
   4.5334788e+00
   8.4154877e-01
   2.2840019e+00
  -2.2733673e-01
  -7.8366279e-01
  -2.9518125e+00
   1.1994277e+00
  -2.2528290e+00
   1.9540984e+00
   1.8041120e+00
   6.9276657e-01
  -1.3930055e+00
  -2.8593734e+00
   1.5322863e+00
   2.5262949e+00
  -1.1186426e+00
   5.1958728e+00
   2.1583427e+00
   4.4339731e-01
   9.5317760e-01
   1.4431394e+00
  -1.3748504e+00
   6.2313318e-01
  -2.3509521e+00
  -2.6711590e+00
  -4.5899340e+00
   2.3195574e+00
  -3.4530947e+00
   5.5436923e+00
   1.4721414e+00
  -3.2885511e+00
  -1.8554106e-01
   2.6839184e+00
  -1.6361706e+00
   2.2323830e+00
  -3.0091154e+00
   5.8123022e-01
   2.1174354e+00
   5.0631243e-01
   3.4774235e+00
   1.1166068e+00
  -2.2578542e+00
   4.6496816e-01
  -1.0584458e-02
   3.2615479e+00
  -2.4826767e+00
   1.1070279e+00
  -3.9181840e+00
   2.9393583e+00
   2.0860003e+00
   3.7164760e+00
  -1.4428262e+00
   8.1613068e-02
   1.6031747e+00
   9.8738649e-02
   3.2272052e-01
  -2.1257441e+00
  -6.2482234e-01
  -7.2690638e-01
  -2.3837708e+00
  -2.4128333e+00
   1.1382587e+00
   1.0299170e+00
   2.2175337e+00
   2.8724416e+00
  -2.1591085e+00
   1.5209312e+00
   1.0501195e+00
   3.3911598e+00
   1.5219237e+00
  -1.7129533e+00
  -3.0372230e+00
  -1.9634814e+00
   1.2592926e+00
  -6.8704545e-01
  -9.4688756e-01
  -2.3330351e+00
  -2.1179950e+00
   7.6829490e-01
   5.7282777e-01
   2.3576934e-01
  -6.2530504e-01
   1.4470050e+00
  -5.1706565e-01
  -9.9727485e-01
  -2.1395976e+00
  -1.1572594e-01
   6.3876867e-01
  -1.6851619e+00
   1.5224519e+00
  -2.6712101e-01
   5.0254252e+00
   1.5112344e+00
   3.6108729e-02
   2.4608120e-01
  -2.9522864e+00
  -3.2962724e+00
  -2.9956406e-01
   3.5356470e+00
   7.6715088e-01
   2.6361598e+00
  -8.2248840e-01
  -3.6837127e-01
  -3.9356474e-01
  -2.5109931e+00
   9.4751078e-01
   2.5462780e-01
  -5.4452094e+00
   3.6530388e+00
   2.9750060e-01
  -1.9606448e-01
  -1.7434228e+00
   1.1032481e+00
  -1.0635996e+00
  -2.4591462e-01
  -1.6923978e+00
  -1.9228513e+00
   6.1108331e-02
  -2.3478008e-01
  -9.1302392e-01
   3.6138845e+00
   6.4596458e+00
  -2.1949927e+00
  -7.4891164e-01
  -3.0910651e+00
  -9.9563318e-01
  -2.4470496e-02
   1.3261834e+00
  -4.7645602e-01
  -1.6531668e+00
   3.7581627e+00
   2.7678707e+00
  -2.0577025e+00
  -8.7656283e-01
  -1.3093293e+00
  -9.2826406e-01
  -1.3762076e+00
  -4.8780721e-01
  -1.4696387e-01
  -2.6672102e-01
  -5.1253536e-01
   2.4180221e-01
  -1.2371327e+00
   1.4096191e+00
  -3.8763511e-01
   2.1641875e+00
   2.1387896e+00
  -6.3642783e+00
  -3.2851767e-01
   1.6541873e+00
   2.8694348e+00
  -2.5400710e+00
   3.9514810e+00
  -7.9068628e-01
  -3.9839388e+00
  -8.1989794e-01
  -1.1402535e+00
   2.4270405e+00
  -5.3309877e+00
  -1.9379974e+00
   1.7157190e+00
   1.1992831e+00
  -3.5214557e+00
   3.0725953e+00
  -2.1080740e+00
  -1.5378393e+00
  -5.9618862e-02
   1.4761637e+00
   2.1929806e-01
   6.8652982e-01
   2.7320743e+00
  -1.8187229e+00
   2.1444322e+00
   9.2714919e-01
  -4.3435072e+00
  -1.8152038e+00
  -1.7798054e+00
  -1.8366011e+00
   2.2631298e+00
  -1.8495275e+00
   8.1800679e-01
   7.4573383e-01
  -1.6368983e+00
   1.0400937e+00
  -1.3322538e+00
   4.3477275e+00
  -2.3237149e+00
  -2.0048915e-01
  -1.5244131e+00
  -7.2564058e-01
  -2.5841321e+00
   9.1548137e-01
   4.5604134e-01
   1.4603074e+00
   7.4999974e-01
  -6.7502192e-01
  -3.1062928e+00
  -3.4133503e-01
   1.3563354e+00
  -3.2085408e+00
  -1.2661879e+00
  -4.3607283e+00
  -1.8803126e+00
   1.8017456e+00
   1.1559838e+00
   3.7184101e+00
   4.3532827e-01
   1.5520554e-01
  -2.1805509e+00
  -3.2422728e+00
   2.8986330e+00
   1.8147557e+00
   4.3533401e-01
   1.1332521e+00
  -1.0568127e+00
   2.9713831e+00
   2.9029419e+00
   3.1786117e-01
  -2.0037280e+00
  -1.0255210e+00
   1.6054064e+00
   1.5041555e+00
   2.1598528e+00
  -3.1661260e+00
  -2.3399830e-01
  -6.4564735e+00
  -3.0505777e+00
  -8.4327245e-01
  -2.9969772e-01
  -9.1491654e-01
   4.9132249e-01
   2.5633700e+00
   1.2318959e+00
   2.5082838e+00
  -9.7146417e-01
  -2.2306989e+00
  -3.1856206e+00
   1.9296809e+00
  -8.2138704e-01
   1.0473214e+00
  -4.3435258e-02
  -1.3129358e-01
  -6.8105194e-03
  -7.3233204e-01
   2.6673123e+00
   2.2160691e+00
   4.5839013e+00
   4.3510283e-01
   2.6585270e+00
   6.4118578e-01
  -2.5476444e+00
  -5.7016201e-01
   6.6643720e-01
  -1.3447808e+00
  -5.0287150e-01
  -2.9807463e+00
  -1.4379436e+00
   1.4527933e+00
   4.6685804e-01
   1.5851601e+00
   2.3714805e+00
   1.7281928e-01
   9.2687190e-01
   1.4712250e+00
  -8.3953205e-01
  -3.5186902e-01
   2.2103189e+00
   4.0237676e-02
  -2.0879803e+00
  -9.1544790e-01
  -1.3738661e+00
  -2.7919900e+00
   1.9373402e+00
  -3.4341712e+00
  -2.1917876e-01
   7.5764590e-01
   1.2084028e-01
  -1.2371410e+00
  -3.9866094e+00
  -5.8179059e-01
  -1.2419048e+00
   1.0435623e+00
  -1.6367845e+00
   9.1039740e-01
   8.7143237e-01
  -8.5208912e-01
  -2.1276744e+00
  -2.7654614e+00
  -2.1187166e+00
  -2.1764091e+00
  -1.2179499e+00
   1.2483187e+00
  -1.9694602e-01
   2.5077372e+00
   6.3754919e-01
   2.9656797e+00
  -1.2308549e+00
  -1.5413195e+00
   2.5882390e+00
   1.1144688e+00
   1.0313897e-01
   6.6985354e-02
   4.9453580e-01
  -2.5082957e+00
  -1.0283415e+00
   9.6151933e-01
   3.3836170e+00
  -1.7391916e+00
  -1.8412316e+00
   5.1428998e-01
  -7.0389186e-01
   1.0184521e+00
   8.2454721e-01
  -3.8027804e+00
   2.4288680e+00
   1.5914773e+00
  -8.0845059e-01
  -1.1682266e+00
  -4.1705394e-01
  -4.3570142e+00
   1.9179489e-01
   2.4985489e+00
  -3.6097136e+00
  -2.5037890e+00
  -4.9681629e-01
  -1.8433712e+00
   3.6032991e-01
  -1.3019411e+00
   1.1967012e+00
  -1.4132831e+00
   3.2738186e-01
   2.8696579e-01
  -9.6850439e-02
  -2.9224327e-02
   3.7604398e-01
  -5.9331739e+00
   4.3668032e-01
  -1.1451023e+00
   8.4472520e-01
  -3.1660162e+00
