  -1.4587530e+01
   9.1074421e+01
   4.4849407e+01
   1.6178342e+01
   8.0515815e+00
   4.1088238e+01
  -9.8994223e+01
   5.6503156e+01
   8.5371915e+01
  -9.8340869e+01
   6.4925669e+01
   5.3467174e+01
   9.9427379e+01
  -5.4469386e+01
   8.3908441e+01
   2.8399861e+01
  -7.8935963e+01
  -4.6367817e+01
   5.2768753e+01
   6.1102031e+01
  -7.9149400e+01
  -6.0482447e+00
  -5.6187622e+01
   8.4541581e+01
  -3.5935474e+01
   7.1508762e+01
  -4.8030666e+01
   7.5612589e+01
  -6.2346477e+01
   5.1838767e+01
  -9.3662140e+01
   2.8467831e+01
   1.3374183e+01
  -2.4718091e+01
  -5.7490324e+01
   5.8431368e+01
  -7.0911304e+01
  -2.1715099e+00
  -9.7430851e+01
  -6.2677595e+01
  -2.9539086e+00
   6.7645215e+01
  -7.1788606e+01
   4.6443397e+01
   3.8213383e+01
  -9.3101476e+01
  -2.2285473e+00
   9.4278082e+01
  -7.7509724e+01
   4.8642755e+01
   2.7708274e+01
   1.8836583e+01
  -2.7549745e-01
   1.3570532e+01
  -1.4699150e+01
  -8.4752112e+01
  -4.1882669e+01
   1.2267009e+01
   2.6666694e+01
   8.6155172e+01
   9.5553832e+01
  -8.1280691e+01
   3.2346989e+01
   2.0554580e+01
  -5.2364274e+00
  -2.8748732e+01
  -4.8843117e+00
   3.4204404e+01
   9.1929039e+01
  -8.2183147e+01
   5.9548492e+01
   1.8155149e+01
   8.2439351e+01
  -7.9774136e+01
  -4.1341071e+01
  -8.9682359e+01
   8.2563612e-01
   5.3675150e+01
  -4.3402925e+01
  -5.4927951e+01
  -3.3742071e+01
  -9.3497297e+00
   4.7476928e+01
   1.9771309e+00
  -2.3497162e+01
   8.1096643e+01
   9.3051550e+01
   2.5653471e+01
  -7.3593766e+01
   2.3660356e+01
  -2.3395979e+01
   9.8238750e+01
  -4.2634543e+01
   4.1238286e+01
   7.0411795e+00
  -6.1357792e+01
   3.7887020e+01
  -8.9908999e+01
  -6.3113177e+01
  -9.0868335e+01
   7.7008300e+01
   6.7958877e+01
  -7.6368951e+01
  -1.7917029e+01
  -7.5954282e+01
   1.4418504e+01
   8.9878027e+01
  -4.8722968e+01
   9.7973087e+01
  -3.0038392e+01
  -5.8295525e+01
   3.3165432e+01
   9.4668941e+01
   2.4539964e+01
  -8.7292421e+01
  -2.5298093e+01
  -6.6749693e+01
  -5.3744384e+01
  -8.9558273e+01
   8.0351263e+01
   5.8658340e+01
  -2.5397135e+01
   6.6410941e+01
   5.0766911e+01
   2.4372619e+01
  -2.1181364e+01
  -2.8144408e+01
  -8.2229508e+01
  -3.1664599e+01
   9.7341188e+00
  -7.8905078e+00
   2.9090475e+01
   2.7041683e+00
   6.2885294e+01
  -8.0563359e+01
  -7.2572879e+00
   1.7963498e+01
  -6.2565586e+01
   2.2266029e+01
  -8.9611604e+01
   1.5145390e+01
   6.8468940e+01
  -5.4805276e-02
  -1.2195022e+01
  -7.0188583e+01
  -9.4344110e+01
   5.1333958e+01
   5.9221247e+01
  -4.1288881e+01
  -7.6958651e+01
  -2.4981674e+01
   6.5778749e+01
   6.8355316e+01
   3.3047690e+01
   9.2027995e+01
   8.8623578e+01
  -7.7460102e+01
   2.9657490e+01
  -3.8391897e+00
  -8.6695862e+01
   7.9554245e+01
  -5.5397421e-01
   5.4260686e+01
  -8.7927554e+01
  -4.7508507e+01
   3.0213874e+01
  -7.3279218e+01
   2.7709147e+01
  -2.3011381e+01
   5.3139625e+01
   3.0583136e+01
  -2.3702187e+01
  -3.9996283e+01
  -3.1972089e+01
   8.3785307e+01
  -8.7466373e+00
  -1.1500609e+01
  -9.1628361e+00
   8.9056402e+01
  -5.6176209e+01
   7.6480559e+01
  -9.6024915e+01
  -3.1647023e+01
   5.3205489e+01
  -3.1439260e+01
   2.3761281e+01
  -9.3957676e+00
  -9.7967479e+01
   1.9816233e+01
   2.0313670e+01
   2.9883490e+01
  -3.1455873e+01
  -1.3401489e+00
   4.0354789e+01
   7.7560520e+01
  -8.8988431e+01
  -8.0327610e+01
   2.9956557e+01
   5.2814178e+01
   9.7591788e+01
  -7.4935042e+01
  -2.7104565e+01
   3.5246018e+01
  -2.4848366e+01
   7.2691698e+01
  -4.1604650e+01
  -7.3305002e+01
   3.4530103e+01
  -5.9483004e+01
   7.3703040e+01
   5.0231464e+01
  -1.6124070e+01
  -9.9953787e+01
  -7.0107254e+01
  -4.5233140e+01
   7.4485004e+01
   2.0250229e+01
  -3.5762309e+01
  -4.3141385e+01
  -1.2936839e+01
   8.0751810e+01
   8.5021129e+01
   1.0584904e+00
   2.5516362e+01
   4.3852785e+01
  -9.5217424e+01
   1.4986500e+01
  -9.0693107e+01
  -1.5493722e+01
  -6.4531477e+00
  -9.5474403e+01
  -8.6985192e+01
   8.4791267e+01
   6.8285728e+00
  -2.6640706e+01
  -2.7210764e+01
  -6.9725267e+01
  -7.0078280e+01
  -2.9839582e+01
  -3.2806781e+01
   5.6805569e+01
  -2.6521577e+00
  -7.0403974e+00
  -7.3749490e+01
   7.7278294e+01
   3.4911485e+01
   6.7031928e+01
   3.1297587e+01
   9.6783395e+01
   9.5957974e+01
  -4.9969397e+01
   2.4914141e+01
   4.5648485e+01
  -3.6593695e-01
   6.9965659e+01
  -6.1816359e+01
  -7.5171243e+01
  -9.9441916e+01
  -6.9409442e+01
   6.8321649e+00
   2.1267210e+00
  -2.2956824e+01
  -3.7880709e+01
  -9.9288911e+01
   6.3048489e+01
   2.7683692e+01
  -1.0332124e+01
  -5.1182846e+01
   6.0677017e+01
   6.4794177e+01
   7.0438130e+01
  -6.5496489e+00
   9.4139795e+01
   6.8248803e+01
  -8.4290359e+01
  -5.2480222e+01
   6.3514176e+01
  -1.8834257e+01
  -6.7375559e+00
   9.0307244e+01
   9.3001061e+01
   5.3056973e+01
   1.4906718e+01
   8.3185005e+01
  -9.1351824e-01
  -6.6797525e+01
  -3.4800466e+01
  -4.0712779e+01
   1.1659698e+01
  -8.6504639e+01
  -8.6204431e+01
  -6.6643084e+01
   8.9487653e+01
   6.2217684e+01
   4.2091139e+01
   9.4049112e+01
   9.9685358e+01
   9.7490961e+01
  -6.9982684e+01
   9.1695761e+01
   6.0918098e+00
  -8.5182697e+01
  -3.7635819e+01
   7.9034156e+01
   6.6953662e+01
  -9.9530249e+01
   2.8041969e+01
   6.0636515e+01
  -5.0973849e+01
  -8.7175554e+01
  -4.7370336e+01
  -7.9455928e+01
  -3.2561950e+00
  -1.6223107e+01
  -2.3742198e+01
   7.7353023e+01
  -1.5888497e+01
  -4.3230426e+01
  -9.0363771e+01
  -5.6166803e+01
  -5.2164797e+01
  -9.4148303e+01
   4.0462184e+01
  -9.8472889e+01
   2.2184136e+01
  -1.8382093e+01
  -5.0210665e+01
   3.0491945e+01
  -3.5944582e+01
  -7.9265575e+01
   7.1129789e+00
  -6.7025952e+01
   7.6687740e+01
   3.3291402e+01
   6.9548498e+01
   5.2532213e+01
   6.1402755e+01
   2.6590489e+01
   4.2085462e+01
   3.7732708e+01
  -3.5810428e+01
   6.3296989e+00
   7.4638792e+01
  -8.9092065e+01
   8.0155103e-02
  -1.3447357e+01
   8.0856498e+01
   2.6036670e+01
   9.6607244e+01
   1.7040068e+01
   6.8127304e+01
  -6.2372439e+00
   9.0444659e+00
  -6.4179176e+01
   2.6892339e+01
   9.2591755e+01
   6.8027503e+00
  -4.0771495e+00
   5.8733217e+01
  -8.1457256e+01
   7.6159909e+01
  -9.9225293e+01
   2.3058184e+00
   3.5692727e+01
   1.3149529e+01
  -4.3082707e+00
  -3.5897431e+01
   2.0315960e+01
   8.2630548e+01
   3.6503563e+01
   8.9346694e+01
  -8.0182198e+01
   2.2057848e+00
  -7.7974332e+01
   9.0523755e+00
   3.7757180e+01
  -7.0516602e+01
   5.5512208e+01
  -2.0189753e+01
   7.9659990e+01
  -3.8591225e+01
  -8.7789771e+01
  -5.6105771e+01
  -8.3433413e+01
   9.0079067e+01
  -9.6725868e+01
  -7.7066313e+01
  -9.7518011e+01
  -5.6754534e+01
  -9.7714494e+01
   2.8489853e+01
   3.3981879e+00
  -5.0891571e+01
  -6.1250532e+01
  -8.1825884e+01
  -2.6311667e+01
  -9.8441418e+01
   2.0540264e+01
  -4.2290512e+00
  -3.8376462e+01
   4.8888890e+01
   6.7869856e+01
  -4.7513616e+01
   2.8476123e+00
  -1.0645174e+01
  -3.1757771e+01
   6.7828361e+01
   9.6498500e+01
   2.5292900e+01
  -6.3744966e+01
  -7.5396597e+01
   1.5993742e+01
  -3.4292839e+01
  -4.6362725e+01
   1.0047821e+01
  -6.3896621e+01
   3.5698374e+01
  -8.8862302e+01
  -9.3188563e+01
  -4.2696309e+01
  -8.4521991e+01
   8.0114458e+01
   6.9321189e+01
  -2.0860305e+01
  -6.6156947e+01
  -1.3909537e+01
  -1.6756373e+01
   4.5752697e+01
  -1.8705264e+01
   9.0361491e+01
   8.2397004e+01
   9.0282863e+01
  -3.0799759e+01
  -4.1951158e+01
   7.7340153e+01
  -5.7993841e+01
  -7.3824690e+01
   4.1031775e+00
   8.1092550e+01
  -1.9493953e+01
  -5.6847750e+01
  -8.4252103e+01
   8.6611972e+01
   2.0574312e+01
  -2.4501565e+01
   3.2986288e+01
   5.8438053e+01
  -3.3301574e+01
   3.8531773e+01
  -5.9236865e+01
   9.1742719e+01
   4.2366491e+01
  -6.6618682e+01
  -1.1444565e+01
   2.6598714e+01
   8.5993434e+01
   5.8661939e+00
   2.5294885e+01
   3.6163785e+01
   8.4639505e+01
  -6.9433172e+01
  -1.8855841e+01
  -3.7504800e+01
   3.8779792e+01
   7.8137575e+01
  -1.8658067e+00
   6.1164702e+01
  -3.4712218e+01
   9.9758290e+00
  -2.2243133e+01
   7.9365801e+01
   3.5224016e+01
   6.5679390e+01
  -7.7982230e+01
  -4.4154533e+01
   5.3527233e+01
  -5.6788681e+01
  -9.3187574e+01
  -1.2689620e+01
   8.7372742e+01
  -4.7582207e+01
   1.3949100e+01
  -2.8089391e+01
  -9.4632274e+01
   8.3838452e-02
   6.5402982e+01
  -4.8203516e+01
  -9.0822999e+01
  -5.0705679e+01
   3.2146429e+01
  -3.4118062e+01
   3.1899250e+01
  -9.7399175e+01
   4.3613571e+01
  -2.1776238e+01
  -9.3298948e+01
  -1.8796919e+01
   4.3261527e+01
   8.4267283e+01
   9.6803149e+01
   9.6684175e+01
   7.9261219e+01
   7.3140642e+01
   6.0192194e+01
   1.0995770e+01
  -1.6225570e+01
  -7.4575499e+01
   3.0924149e+01
   7.2792982e+01
  -4.5080313e+01
   6.8032787e+01
  -8.5848951e+01
  -2.4241585e+01
  -4.6366113e+01
  -6.9415764e+01
   2.6199916e+01
  -3.6725037e+01
   9.1822371e+01
  -2.6520215e-01
   4.7721703e+01
  -9.7448866e+01
   2.1070638e+01
   1.5290264e+01
   6.1475764e+01
   3.0993612e+01
   7.5645679e+01
   8.0474585e+01
  -6.9553429e+01
  -6.1483983e+01
   5.8195130e+01
  -8.7858979e+01
  -2.2034562e+01
  -4.0006829e+01
   4.6835981e+01
  -7.9158149e+01
   5.8515098e+01
   5.6545789e+01
   6.4795386e+00
  -4.9329532e+01
  -8.5809083e+01
   2.5160666e+01
  -9.5063706e+01
  -8.7591501e+01
  -7.4077604e+01
  -9.8771855e+00
   3.4467169e+01
   7.1222167e+01
  -3.1091515e-01
  -9.0243099e+01
  -3.7233528e+01
   2.8326234e+01
   5.7277329e+01
  -4.2169901e+01
  -4.2639786e-01
   6.3686923e+01
   1.9025659e+01
   7.2849218e+00
  -3.3825372e+01
  -1.7661955e+01
   5.8801248e+01
  -3.1358356e+01
  -7.4786528e+00
  -2.6435266e+01
   3.5914124e+01
   1.3555806e+01
   3.0355369e+01
  -1.7772503e+00
  -2.0308353e+01
  -4.5031582e+00
  -8.6682475e+01
  -1.7794303e+01
   9.3818392e+01
   5.6144206e+01
   4.5803578e+01
   5.3130123e+01
   5.1316161e+01
   6.8654063e+01
   5.4031370e+01
   9.5732186e+01
  -7.7728111e+01
  -2.0784612e+01
  -1.5878698e+00
  -4.8381076e+01
  -9.2606756e+01
   9.4876265e+01
   4.5285196e+01
  -7.0407034e+01
  -7.0421089e+01
   4.0964820e+01
  -2.3801296e+01
  -8.4717711e+01
  -1.7831931e+01
  -7.1401889e+01
   5.9784024e+01
   8.6049633e+01
  -9.9056104e+01
   3.0008116e+01
   3.5706492e+01
  -4.9275432e+01
   6.8636183e+01
  -4.1208245e+01
  -9.4627923e+01
  -8.1338567e+01
   5.9576994e+01
   4.2280525e+01
   5.6681357e+01
   2.4784529e+01
   6.5083092e+01
  -9.2995483e+01
  -1.8905006e+01
  -5.0066249e+01
  -3.8206317e+00
   7.6167825e+01
  -4.3863036e+01
   1.9828502e+01
  -9.4754772e+01
  -6.8960267e+01
   6.6782174e+01
  -6.1021327e+01
   6.5957607e+01
  -3.2385028e+01
   3.4223310e+01
  -8.9526736e+01
   4.6861813e+01
  -1.0364444e-01
   8.8659987e+01
  -4.2045517e+01
  -2.4687915e+01
  -7.7248928e+01
   9.2970141e+01
  -1.3497687e+01
  -8.3087360e+01
   4.3335283e+01
   1.3574759e+00
  -3.4382452e+01
   5.0704828e+01
   6.7201165e+01
  -4.9256730e+01
   6.8850034e+00
  -1.2966953e+01
  -6.8459171e+01
   2.0096241e+01
   8.7490152e+01
  -7.8448284e+01
   7.9996287e+01
   1.0092998e+01
  -1.4528663e+01
  -6.9523834e+01
  -5.0490799e+01
  -1.0526241e+01
   6.5566875e+00
  -2.9069773e+01
   5.4622962e+01
   7.6336228e+01
   4.6818419e+01
  -1.8713559e+01
   2.0835749e+01
   2.8221010e+01
  -7.4506633e+01
  -7.6160061e-01
  -3.7906129e+01
   1.5714893e+01
   8.8721787e+01
  -1.4612078e+01
  -9.3374312e+01
   8.5886776e+01
   8.4996450e+01
  -2.8338616e+01
  -4.8002177e+01
   5.7371929e+01
   2.3164487e+00
   1.2505431e+01
   3.6958753e+01
  -8.1520681e+01
   7.4515793e+01
   8.8587576e+01
  -8.0681153e+01
   6.9176501e+01
   8.1879123e+01
  -9.7731772e+01
   4.7365407e+00
   3.0069055e+01
  -2.2970930e+01
   2.9860410e+01
   5.2570696e+01
   1.5137196e+01
   2.6383830e+01
  -4.4359199e+01
   6.7967285e+01
  -1.4633009e+01
   2.6324476e+01
   6.6693396e+01
  -4.5962907e+01
  -1.9839853e+01
   1.0850918e+01
  -1.1226929e+01
  -8.1923176e+01
   4.8876262e+01
  -9.3476910e+01
  -1.4051491e+01
  -9.2547544e+01
   9.5159551e+01
   4.4679816e+00
   8.1925996e+01
  -2.3350416e+01
   7.6890447e+01
  -4.8996478e+01
   8.1809968e+01
   7.8912089e+01
  -2.0296568e+01
   2.5004000e+01
   1.3519457e+01
   7.8902377e+01
  -5.7166839e+01
  -9.9228168e+01
   7.6116292e+01
  -5.2975673e+01
  -5.1027076e+01
   2.8183407e+01
  -3.9095104e+01
   6.5124162e+01
   7.6737742e+01
   8.9074592e+01
  -2.1840932e+01
   6.0264013e+01
  -6.8577342e+01
   2.5033079e+01
   3.9797071e+01
  -8.2826213e+01
   6.2359146e+00
   7.7713304e+01
  -4.7266798e+01
  -5.3042895e+01
   6.7931446e+01
  -8.9199405e-01
  -6.9526727e+01
  -5.3846369e+01
   3.1590791e+01
   1.2589676e+01
  -4.1634252e+01
   2.4460997e+01
   4.3181082e+01
  -4.3853793e+01
  -1.7545368e+01
  -2.7558857e+01
   5.6278404e+01
  -7.2902570e+01
   8.0413903e+01
  -4.2072783e+01
  -8.8414778e-02
   5.6718078e+01
   3.5412413e+01
  -7.0037654e+01
   3.9323896e+01
  -7.4197391e+01
   8.9189257e+01
   7.7282370e+01
   3.0009226e+00
   3.5881749e+01
   9.5358672e+01
  -7.4907929e+01
   5.0448610e+01
   6.5410382e+01
   5.6286065e+01
  -6.1823467e+01
  -1.4271732e+01
  -9.7108651e+01
  -3.4942902e+01
  -7.3059594e+01
  -9.8965076e+00
   1.4454986e+01
   5.8404656e+01
  -1.6052678e+01
   6.5073089e+00
   8.5140878e+01
   7.9816368e+01
   8.9666797e+00
   8.0224790e+01
  -8.9634658e+01
   6.1720504e+01
  -3.3019084e+01
  -5.4263377e+01
   6.4480362e+01
  -3.0353084e+01
  -6.6905881e+01
  -9.4373286e+01
   9.1073953e+01
   3.6058142e+01
   7.2112423e+01
   8.7818703e+01
   3.6038793e+01
   8.3484750e+01
  -4.8661666e+01
   7.7123627e+01
   8.4008558e+01
  -3.9987312e+01
  -8.5321811e+01
   5.3479747e+01
  -8.3009557e+01
   4.5752816e+01
  -1.0422071e+01
   3.0249733e+01
  -6.6099626e+01
   6.2898483e+00
   2.6760172e+01
  -9.7180799e+01
  -5.9257330e+00
   7.7265194e+01
  -7.7194313e+01
  -1.1491770e+01
   3.1909578e+01
  -4.1045406e+01
   9.0073680e+01
   3.8857250e+01
  -5.8638695e+01
   1.0952465e+01
   7.5855697e+01
   1.1571538e+01
   5.0466812e+01
   7.8980158e+01
   6.8368835e+01
  -7.3828663e+01
  -6.2169213e+01
  -6.9272034e+01
  -9.4219587e+01
  -9.8183020e+01
   1.9290348e+01
   2.1809865e+01
   8.3784686e+01
   4.6714889e+01
  -3.9770610e+01
  -8.8510419e-01
  -4.8367395e+01
   4.6570873e+01
  -7.6647850e+01
   4.9208313e+01
   6.1957821e+01
   4.9046736e+01
  -3.2571337e+01
   1.6864996e+01
  -6.2095790e+00
  -8.2546993e+01
   6.5743485e+01
   3.7188942e+01
  -4.6534989e+01
   9.3896713e+01
  -6.3245159e+01
  -4.0011815e+01
  -1.7763022e+01
  -5.2702163e+01
  -6.0988935e+01
   4.1075856e+01
  -6.3890349e+01
   4.4665836e+00
  -4.0765635e+01
  -7.4436223e+00
   8.5046483e+01
  -5.6822172e+01
  -9.9798224e+01
   8.1321249e+01
   3.6008389e+01
   2.9903611e+00
   4.4137762e+00
  -7.9416284e+01
   9.9376098e+01
  -2.8206236e+01
   2.5048520e+01
  -2.1326696e+01
  -9.8467511e+01
   9.0569868e+00
   1.8220749e+00
  -5.0644216e+01
  -9.0920945e+01
   6.8345949e+01
  -9.0350016e+01
  -3.6735901e+01
   5.6683886e+01
   9.4480012e+01
   1.7292816e+01
   5.5608770e+01
   4.5539489e+01
   3.0197359e+01
   3.2923004e+01
   8.7755960e+01
   7.0162531e+00
  -2.0311976e+01
   3.4091532e+01
  -1.1893106e+01
  -7.3425211e+01
  -1.2159250e+01
   9.5285485e+00
  -2.0972725e+01
  -2.0345601e+01
   5.0269730e+01
   4.4700692e+00
  -1.9133933e+00
  -8.2264213e+01
  -4.9829673e+01
  -1.0488195e+01
   2.7592179e+01
   4.1889058e+01
   9.8523962e+01
   8.6438974e+01
  -8.1554101e+01
   9.0707995e+01
  -6.7440868e+01
   9.4091017e+01
   1.9401333e+01
  -5.1954576e+01
  -8.5940968e+01
  -3.9991757e+01
   6.2708965e+01
  -8.4658025e+01
  -2.9105381e+01
  -7.3597825e+01
  -6.8364074e+01
  -8.7570590e+01
   4.0368696e+01
  -8.2703661e+01
   2.3357448e+01
  -6.5245683e+01
   3.0280213e+01
  -2.6071880e-01
  -4.3097862e+01
   6.6111948e+01
   6.3671976e+01
   8.7633881e+01
  -9.9934781e+01
   2.8077845e+01
  -9.8528861e+01
  -7.8715779e+01
  -7.8641117e+01
  -2.6578191e+01
  -5.2078460e+01
  -3.0771960e+01
  -5.0076033e+01
  -2.2587137e+01
  -1.5792326e+01
   2.8015458e+01
   5.7510595e+01
  -4.6001115e+01
   6.8796472e+01
   4.8093676e+01
   6.5220390e+01
  -6.3561551e+01
  -8.6912763e+01
   2.2070052e+01
   4.0310562e+01
  -7.7676457e+01
  -8.0835254e+01
   1.9566754e+01
   6.2446522e+01
   6.2915635e+01
  -8.2112607e+01
   4.6255741e+01
   8.0771315e+01
  -9.5536426e+00
  -8.5862465e+01
  -5.1744369e+01
   4.6373012e+01
  -9.1901677e+01
  -1.5095447e+01
   8.0430174e+00
   9.0765568e+01
  -5.8218852e+01
  -7.6733581e+01
   2.9244014e+01
  -7.8317782e+01
   9.6699385e+01
  -5.0331192e+01
   2.1271144e+01
   6.3339055e+01
   6.6010843e+01
  -2.1921335e+00
   5.2145651e+01
   8.3021587e+01
   8.0194991e+01
  -5.7152498e+01
   9.4122212e+00
   5.6941896e+01
  -6.1111781e+01
   4.9377830e+01
  -4.8883551e+00
   1.6651716e+01
  -4.7890384e+01
  -8.3035508e+01
  -4.0373430e+01
   8.3425872e+01
  -5.8963615e+00
  -4.6106489e+01
   5.2594095e+01
   5.4434421e+01
  -9.5740075e+01
   7.5997238e+01
   5.9634037e+01
  -3.5166952e+01
   3.3808883e+01
  -4.0741227e+01
   8.5990409e+01
  -4.3607913e+01
  -6.6224006e+01
   4.9033321e+01
  -4.5731297e+00
   3.0688908e+01
   9.3315187e+01
  -3.7394502e+01
  -8.4712108e+01
   5.8283029e+01
  -2.6923204e+01
   1.7019878e+01
  -6.3332659e+01
  -8.4616212e+01
  -6.9267447e+01
   6.5375198e+01
  -3.9808651e+01
  -2.3223102e+01
   3.0149789e+01
   6.3474105e+01
   5.3253244e+01
  -2.5164888e+01
  -6.2027504e+01
   2.9300351e+01
  -9.9278939e+01
  -4.3422419e+01
   2.7720119e+01
   1.8414916e+01
  -3.4942159e+01
   9.7790250e+01
  -7.5352831e+01
   4.7175397e+01
  -6.8676596e+01
  -1.3070518e+01
   6.6448644e+01
  -2.8018088e+01
  -8.4752390e+01
   1.1385109e+01
  -4.5213955e+01
  -7.3589064e+01
   3.9930970e+01
  -2.8190185e+00
  -6.3456750e+01
  -7.9757092e+01
  -5.9683135e+01
  -7.3050798e+01
  -3.5242169e+01
   9.0109010e+01
   6.4261121e+00
  -5.0462858e+01
  -1.2544749e+01
   3.3817557e+01
   9.5391422e+00
   2.1810899e+01
   7.2626952e+01
  -2.3860810e+01
   4.9791123e+01
  -6.8660640e+01
  -8.8375236e+01
  -3.2058608e+01
   6.3435283e+01
  -2.4490466e+01
   9.4520986e+01
   2.1063718e+01
  -3.2352767e+01
   8.5596744e+01
   7.9684939e+01
   7.0141292e+01
  -4.8641617e+01
  -4.2900900e+01
   5.5989382e+01
   4.0279046e+01
  -1.4976447e+00
   9.3533550e+01
  -4.7677011e+00
   9.8981103e+01
  -1.8842756e+00
   6.9067930e-01
   5.3754575e+01
  -2.2383104e+01
  -9.3481481e+00
  -7.3429206e+01
   5.1701266e+01
   1.3047387e+01
   2.9727320e+01
   5.9611613e+01
  -5.5910351e+01
   7.1578154e+01
   8.0945784e+01
  -4.1596023e+01
   4.5173952e+01
  -3.2110839e+01
  -4.5463755e+01
  -6.5945082e+01
   3.2803645e+01
   7.1703315e+00
   6.5821884e+01
  -4.6527584e+01
  -6.4768844e+01
  -1.3762727e+01
  -4.8689924e+00
   5.7044182e+01
  -7.3869681e+01
  -8.9728853e+01
   2.5501295e+01
  -9.4182490e+01
  -7.2761078e+01
   3.8911120e+01
   3.1357915e+00
   8.5164841e+00
   6.1696702e+01
   5.8737206e+01
   3.7341741e-01
  -4.4673588e+01
  -7.6067012e+01
   7.7319552e+01
   9.4057798e+01
   8.8505263e+01
   2.7625627e+01
  -8.1881970e+01
  -8.5058377e+01
  -6.3509813e+01
  -9.3662468e+01
   4.4987262e+01
  -7.1168238e+01
   2.7185363e+01
   5.7969512e+01
   1.3250625e+01
  -2.4517215e+01
   6.4317223e+01
  -3.9023834e+01
  -3.6125380e+01
   5.6995978e+01
   7.4728741e-01
  -4.7800654e+01
   4.6495105e+01
  -6.7410007e+01
   8.4215044e+01
  -5.5555307e+01
  -8.3278257e+01
  -8.5259689e+01
   5.3910332e+01
   6.3535405e+01
   4.8085107e+01
   5.1649757e+01
   9.2238996e+01
  -6.7150076e+00
   5.7399298e+01
  -1.5486383e+01
   8.8745992e+01
  -9.9737120e+01
   9.6253581e+01
   1.4038836e+01
  -3.0705889e+01
   1.1500611e+01
  -4.0043059e+01
  -6.8185435e+01
   3.3051257e+01
   3.6840557e+01
   5.8481872e+01
  -3.0275112e+01
  -4.9985053e+01
  -3.0999323e+01
  -3.4273481e+01
   8.5497107e+01
   5.1214486e+01
  -4.2352273e+01
   2.1235975e+01
   5.3205873e+01
   6.9230469e+01
   8.0396238e+01
   1.9141430e+01
  -8.6292771e+01
  -5.6391325e+01
   7.3881698e+01
  -1.7156429e+01
   3.2241830e+01
   5.6696968e+01
  -5.0422798e+01
   1.0885058e+01
  -5.4082921e+01
  -9.8617447e+01
   5.3327879e+01
  -9.5633350e+01
  -2.1379313e+01
  -4.9491969e+01
  -5.9156616e+01
   3.2455893e+01
   8.2948416e+01
  -9.8619490e+01
   4.9284640e+01
   5.9934159e+01
   8.1559788e+01
   9.4914787e+01
  -7.6027302e+01
   3.7939527e+00
   6.4394962e+01
   2.7404560e+01
   9.0782075e+01
   8.9385275e+01
   9.3321049e+01
  -8.6531162e+01
  -1.2493041e+01
  -3.5832011e+01
  -7.3189588e+01
  -7.3082970e+01
   6.1189532e+01
   4.9528529e+00
   8.8851394e+01
   9.7668015e+01
  -1.8021164e+01
  -2.5762425e+01
  -5.4629182e+01
  -1.0793808e+01
  -4.6755712e+01
  -8.1807212e+00
  -1.3418934e+01
  -4.8075313e+01
  -7.3257098e+01
  -1.6154316e+01
   1.3721022e+00
  -3.5135089e+01
   3.6937760e+01
  -1.1381298e+01
  -1.2867384e+01
   5.8604703e+01
   6.3111274e+01
   5.0422531e+01
   5.7851188e+01
   2.5349062e-01
   1.1036385e+01
   2.6149948e+01
  -8.0402167e+01
  -5.0864764e+01
   2.3145028e+01
  -3.9008008e+01
   5.3393521e+01
  -4.6554182e+01
  -9.2098739e+01
  -4.0687644e+01
   1.1272995e+01
   9.3814894e+01
   3.7824942e+01
   4.3576280e+01
   1.1805824e+01
   6.6708416e+00
   7.5144801e+01
  -2.1380281e+01
  -8.3866124e+00
  -5.8350959e+01
   5.1454633e+01
   9.3384056e+00
  -2.8522361e+01
   4.0199558e+01
  -7.8155501e+01
  -9.8677847e+01
   1.9460416e+01
   3.1835213e+01
   1.6001286e+01
   8.1990322e+01
   2.7201230e+01
   5.1122502e+00
  -4.8075384e+01
  -8.9765827e+01
   4.6390026e+01
  -6.7141722e+01
  -4.3920599e+01
  -4.8114510e+01
   9.4191919e+00
   8.2536935e+00
   5.7622637e+01
   7.3921111e+01
   5.7508106e+01
   9.3885571e+01
  -6.3906378e+01
   8.6119793e+01
  -9.0969625e+01
  -5.1870823e+01
  -9.8228994e+01
   3.4318707e+01
   8.0962646e+01
   1.4483262e+01
  -6.8907742e+01
   4.7348675e-01
   1.3546576e+01
  -6.2345645e+01
  -3.5160707e+01
   4.3207469e+01
   1.0585742e+01
  -7.1543652e+01
  -2.3927288e+01
  -2.0686151e+01
   1.5348339e+01
  -9.6119699e+01
   1.5516012e+01
   8.6439219e+01
  -7.8625444e+01
   4.6429952e+01
   9.4104557e+01
   2.1777108e+01
   4.3933122e+01
  -3.9449535e+01
  -8.1955212e+00
  -9.0394277e+01
  -2.2929579e+01
  -2.7656724e+01
  -4.2483189e+01
   6.3342547e+01
  -9.8943810e+00
   6.1326504e+01
   5.8034587e+01
  -4.3408425e+01
  -8.6338152e+01
  -8.9013854e+01
   2.7504528e+01
  -1.5142884e+01
   8.1106270e+01
  -1.6535823e+01
  -6.9188334e+01
   7.9998528e+00
   8.7418274e+01
   3.2191013e+01
  -2.1068512e+01
  -4.8201892e+01
   6.9582432e+01
   8.9011215e+01
  -2.4600033e+01
  -8.6543963e+01
  -6.3683646e+01
   1.5149523e+01
  -6.2822994e+01
  -4.1710329e+01
  -7.6671786e+00
  -3.0604512e+01
  -3.6366857e+01
  -8.0170841e+00
  -5.2821016e+01
  -9.4449592e+01
   3.1690691e+01
  -6.8239287e+01
   6.0532520e+01
  -1.8284046e+01
  -3.4521624e+01
   4.9202946e+01
   4.9270384e+01
  -6.5209007e+01
  -7.6491040e+01
  -6.5192495e+01
   2.5481833e+01
   6.8378051e+01
   2.0165710e+00
  -6.6847251e+01
   4.2861056e+01
   8.1407459e+01
  -5.6292452e+01
   7.4192290e+01
  -5.7632811e+01
   6.7332988e+01
   7.1860338e+01
   4.6754946e+00
  -4.5274411e+00
   7.7976627e+01
  -8.6984760e+01
   1.8912250e+00
   2.4159589e+01
   4.6713488e+01
  -5.4000754e+01
  -9.5625625e+01
  -7.2202222e+01
   5.3901489e+01
   9.3953036e+01
  -2.2641117e+01
   9.8685558e+01
  -3.4721306e+01
  -7.2567793e+01
  -2.3049274e+01
   1.2527167e+01
   2.6767085e+01
   8.3212770e+00
  -3.7001315e+01
  -6.8134655e+01
  -6.9476753e+01
  -7.2609845e+01
   4.1960623e+01
  -7.0271068e+00
  -7.7345763e+01
   4.0175770e+01
  -6.4002773e+01
   6.0733616e+01
   2.7912210e+00
   9.6876724e+00
  -5.8431048e+01
   5.6917775e+01
   5.2979265e+00
   1.4204673e+01
  -1.5591848e+01
   4.4231262e+01
  -8.5372338e+01
   1.8972384e+01
   7.2395473e+01
  -1.0239788e+01
   3.0515478e+01
  -3.9305376e+01
   2.1487990e+01
  -4.4219538e+01
   5.9912468e+01
   5.9233824e+01
   9.0817381e+01
  -1.1132367e+01
  -8.6234375e+00
   1.9963428e+01
   6.8524366e+01
  -9.3759909e+01
  -6.2545972e+01
   8.8718880e+01
   8.9584428e+01
  -9.4031218e+00
   6.2166510e+01
   8.5775840e+01
   3.4543456e+01
  -2.5533544e+01
  -1.8860862e+01
  -1.2235216e+01
   3.5729840e+01
  -6.9859343e+00
   9.0652834e+01
  -2.9060404e+01
  -3.2195828e+01
   7.9172009e+01
   9.0868517e+00
   4.9856743e+01
  -7.5024560e+01
  -9.3530364e+00
  -8.5050112e+01
   3.2668123e+01
   4.0730328e+01
   8.3790114e+01
   3.2014382e+01
   3.8020984e+01
   7.0744722e+01
  -6.4196555e+00
  -8.3042636e+00
   6.1220837e+01
   6.4953447e+01
  -6.1912779e+01
  -9.4865358e+01
  -8.8637008e+01
  -7.1412884e+01
  -6.5716252e+01
   2.5168956e+01
  -9.4096958e+01
  -5.5335470e+00
   3.5688554e+01
  -7.7042206e+01
  -5.2787215e+01
  -4.2183880e+01
  -6.5448741e+01
  -3.5258775e+01
   6.0222020e+01
  -4.0073260e+01
   5.5125145e+01
   1.0554166e+01
   1.0938344e+01
   4.6129457e+01
   5.4724964e+01
   8.0169421e+01
  -7.2366569e+01
   5.8815363e+01
  -6.2117325e+01
  -9.4205123e+01
  -7.4522562e+01
  -7.3252863e+01
  -7.4337808e+01
   8.7051959e+01
  -4.5353989e+01
   8.8535851e+01
   2.7630100e+01
   7.4506164e+01
  -2.6585352e+01
  -5.2759619e+01
  -6.2536352e+01
   9.1298530e+00
  -4.8976709e+01
  -3.8835278e+01
  -9.6890276e+01
   1.7497619e+01
   9.2511662e+01
   6.9969535e+01
  -9.8411941e+01
   2.6805108e+01
  -2.8141773e+01
  -7.7188077e+01
   8.1635853e+00
  -1.6715723e+01
   3.4196995e+00
   7.7224575e+01
  -7.0120818e+01
  -1.3064695e+01
  -8.8192238e+01
  -2.3793989e+01
   4.4473894e+01
  -8.0976154e+01
   3.3438079e+01
  -4.0719889e+01
   1.9712553e+01
  -6.9629602e+01
  -1.2724579e+01
  -9.7463540e+01
  -5.4195411e+01
  -4.7264069e+01
   2.2770464e+00
  -5.6983022e+01
  -3.0778042e+01
   4.9563418e+01
  -1.7276109e+01
  -8.8849488e+01
  -2.1994372e+01
  -5.1032119e+00
   6.5064143e+01
  -3.9271286e+01
   6.4358028e+01
   1.3135953e+01
  -8.9123677e+01
  -4.7997164e+01
   1.7820710e+01
  -4.0532769e+00
  -6.0269877e+01
  -5.2197468e+01
   5.6038696e+01
   2.3461984e+01
  -7.1174240e+01
   4.3226404e+01
  -1.9698714e+01
  -7.5229265e+00
   4.1456401e+01
  -1.9757891e+01
  -9.7122920e+01
  -8.5071912e+01
   1.8213635e+01
  -1.0799696e+01
   8.5324120e+01
  -8.1021329e+01
  -2.4916243e+01
   9.1997728e+00
  -7.7664325e+01
   8.0892647e+01
   2.6655400e+01
   8.1082329e+01
   2.6110588e+01
  -9.7154345e+01
  -3.6704443e+01
  -7.7625852e+01
   2.5892626e+01
  -8.7858110e+01
   3.4798984e+01
  -4.5121827e+00
  -3.8890839e+01
   3.2665965e+00
   4.1405650e+01
   6.2722197e+01
  -3.6838332e+01
  -3.7739564e+01
  -3.1004626e+01
   3.3260979e+01
   7.2214326e+01
   5.2355851e+01
   7.5167515e+01
   7.4247099e+01
  -6.5441919e+01
   7.0044796e+01
   9.1917675e+01
   5.4041398e+01
   7.5003070e+01
  -8.6517305e+01
   2.9358443e+01
  -3.5180682e+01
   2.8069382e+01
   7.5950206e+01
  -2.5272465e+01
   5.3347512e+01
  -6.6382668e+01
   3.9449367e+00
   2.5491122e+01
   4.2782737e+01
  -3.8720779e+01
  -4.7262578e+01
   8.3200701e+01
   2.3006853e+01
  -8.1364988e+01
   2.5539440e+01
  -6.1594395e+01
   5.5392938e+01
   7.2900101e+01
  -3.3283678e+01
  -7.2917200e+01
   5.3093432e+01
  -3.6277253e+01
  -4.9524098e+01
  -5.9985078e+01
  -8.6198030e+01
   1.0382147e+01
  -1.9237675e+01
   5.0023160e+01
  -2.5632995e+00
  -2.3042775e+01
  -8.7718298e+01
  -5.7261702e+01
   8.7746729e+00
  -1.7871078e+01
   8.0192641e+01
  -8.8742093e+01
  -1.1298151e+01
   7.5625054e+00
  -7.3187880e+01
   8.1894448e+00
   7.1473638e+01
  -6.0396527e+01
  -6.8878180e+01
  -8.7724446e+01
   3.2214798e+01
  -9.6279472e+01
  -4.1779413e+01
   9.4764765e+01
   5.2928091e+01
  -5.1263214e+01
   3.6423212e+01
  -7.2429098e+01
   2.5962333e+01
   7.1402939e+01
   7.9959667e+01
  -3.0326320e+01
  -2.7379613e+00
   3.5903498e+01
   4.0824378e+01
  -7.8231887e+00
  -2.7145541e+01
  -4.3946955e+01
  -8.4759113e+01
  -1.1075006e+01
  -6.6858741e+01
  -2.0250205e+01
   8.4116934e+01
   2.2668771e+00
   8.2828466e+01
  -8.1613212e+01
   9.8607435e+01
  -8.0713275e+01
  -3.7370501e+01
   5.7075022e+01
   2.0480052e+01
  -6.8183293e+00
  -4.0373731e+01
  -7.3365443e+01
  -4.0998209e+01
  -6.6674583e+01
  -3.6579212e+01
  -7.8032064e+01
   6.6417592e+01
   9.4318551e+01
  -5.6345746e+01
   4.1215526e+01
  -9.2197262e+01
   2.3259025e+01
   3.3872834e+01
  -9.2559693e+01
  -9.9333088e+01
  -7.1507129e+01
   7.2481092e+01
  -4.4792517e+01
   6.3383074e+00
   4.4442604e+00
   1.3523543e+01
  -3.3393489e+01
  -1.7316690e+01
  -1.7130369e+01
   9.6784357e+01
  -8.8452140e+01
  -2.0691423e+01
   5.8264116e+01
   1.8837093e+01
  -3.8087381e+01
   8.0360581e+01
  -8.1374602e+01
  -3.6194573e+01
   7.7392323e+01
   3.1486335e+01
   3.6903378e+01
  -5.2102750e+00
  -7.1751168e+01
   9.0184976e+01
   7.6525225e+01
  -1.2512291e+01
   6.6991360e+01
  -3.4971320e+01
  -2.6472140e+01
   5.8967893e+01
  -8.0138257e+01
   9.0356312e+01
  -9.9705215e+01
  -4.0920830e+01
  -9.0309090e+01
  -1.1451923e+01
   5.7969274e+01
   8.2704123e+01
   6.6508720e+00
   6.0815289e+01
   1.2532071e+01
   5.0175290e+01
  -9.8153929e+01
  -4.6430296e+00
  -4.9934095e+01
  -3.8416348e+01
   9.3389821e+01
  -5.8239128e+01
   4.0952506e+00
  -5.4890774e+01
   1.3439575e+01
   9.9632705e+01
  -7.3626933e+01
   9.0935317e+01
  -7.5224498e+01
  -6.2752359e+01
   2.9300542e+01
  -7.4366185e+01
  -8.3735899e+01
   3.1845411e+01
  -9.4520230e+01
   9.7035960e+01
   7.8661894e+00
  -2.5233017e+01
   4.1346977e+01
   8.9482275e+01
  -2.3544530e+01
   3.8581711e+01
   2.0414262e+01
   5.5051542e+01
   1.8366841e+01
  -2.4764038e+01
   7.0129840e+01
  -5.4852962e+01
   5.9391657e+01
   9.9376201e+01
  -4.3737836e+01
   4.2076195e+01
   3.2928413e+01
  -1.7032893e+01
  -3.4601955e-01
   8.9824605e+01
   9.0636335e+01
   4.6584662e+01
  -2.3063999e+01
  -9.1983454e+01
   1.6586717e+01
   1.2942528e+01
  -2.8963477e+01
   7.6040164e+01
   2.4906027e+01
   2.4803109e+01
  -4.0851718e+01
  -8.5064015e+01
  -4.1258801e+01
  -5.3052038e+01
  -3.0820524e+01
   6.9698072e+01
  -6.7927124e+01
  -6.8427125e+01
   1.7318539e+00
   2.0660200e+01
  -6.7720606e+01
   2.7090865e+01
   6.8788115e+01
   5.6453842e+01
  -4.7086729e+01
  -3.7060208e+01
  -6.3360886e+01
  -1.0505345e+01
  -3.4664277e+01
  -4.4036742e+01
   8.6352782e+01
  -2.0061517e+01
  -2.4115369e+01
   1.8569290e+01
  -8.6298663e+01
  -5.8952468e+01
   4.4723656e+01
   1.5029523e+01
  -5.9953499e+01
   6.8696069e+01
  -1.5254000e+01
   8.9501925e+00
   5.5934768e+00
  -6.2978436e+01
  -8.3662057e+01
  -7.1812754e+00
  -9.3889045e+01
  -1.3003168e+01
   1.1572992e+01
   2.7756426e+01
  -9.3156517e+01
   4.1980089e+01
  -6.6135210e+01
   1.8676495e+01
   2.1612984e+01
   5.4471917e+01
  -8.8745277e+01
   7.0945029e+01
  -2.3143135e+01
  -2.0076208e+01
  -3.4916503e+01
   1.1078022e+01
  -4.0915979e+01
  -2.6776000e+01
  -3.0190334e+01
   2.6044811e+01
   3.2888416e+01
   9.8419267e+01
   8.8872252e+01
  -2.9930428e+01
  -6.1400411e+01
   8.3915228e+01
  -4.2261590e+01
   1.0171886e+01
   8.3864831e+01
  -8.1990296e+01
  -4.8460740e+01
  -1.4590408e+01
   1.5544658e+01
   7.9904279e+01
  -5.6354877e+01
   9.3406377e+01
  -1.3203724e+01
   5.6964485e+01
   5.0467689e+00
  -3.3744629e+01
  -1.3681271e+01
   4.3580320e+01
   8.3242416e+01
   7.8005597e+01
  -7.3058788e+01
  -7.6017449e+01
   7.8690484e+01
   3.0617108e+01
  -9.1944385e+01
   9.4319271e-01
   7.8890693e+01
  -2.2854307e+01
  -4.1589624e+01
  -5.3192686e+01
  -5.9810329e+01
  -2.3938787e+01
   1.8958028e+01
  -4.6322805e+01
   2.4488528e+01
   6.0913462e+01
  -7.9205748e+01
   4.5848061e+01
   2.9718053e+01
  -5.0690753e+00
   8.6582422e+01
  -8.0711264e+01
   1.9821384e+01
  -5.3287058e+01
  -9.3534332e+01
   1.5971853e+01
   6.8439630e+01
   1.1379398e+01
   6.7976598e+01
  -5.9009545e+01
   2.4250977e+01
  -6.5195823e+01
  -4.2092036e+01
  -9.6299413e+01
   4.0299278e+01
   9.0418274e+01
   4.9801867e+01
   5.1345478e+01
   8.4178151e+00
  -4.3587425e+01
  -5.1025031e+01
  -4.2736356e+01
   9.2626882e+01
  -5.3860931e+01
   7.4642827e+00
  -5.8998350e+01
  -1.3191741e+01
  -7.1557606e+01
  -2.4883245e+01
   5.8712125e+01
   6.2563130e+01
   8.0758181e+01
   8.0751468e+00
   6.3572662e+01
   4.1683329e+01
  -9.1358230e+01
  -7.0810804e+01
  -5.3332867e+01
  -5.0659784e+01
  -6.5943451e+01
  -5.2988633e+01
  -4.4907785e+01
   9.0321325e+01
  -3.0665803e+01
  -4.0535612e+01
  -1.9114758e+01
  -3.9552515e+01
   5.1462217e+01
  -2.8051221e+01
  -7.5020086e+01
   2.3436512e+01
  -2.8896109e+01
  -2.7412363e+01
  -8.6302343e+01
   7.3432374e+01
  -8.4207604e+00
  -8.4476923e+01
   8.0984239e+01
  -4.3660824e+01
   2.2775569e+01
   3.2371588e+01
  -5.9995081e+01
   9.1997246e+01
   3.3021197e+01
   8.2599679e+00
   7.3793774e+01
   1.1409493e+01
  -9.5720377e+01
  -3.4638896e+00
   6.1597116e+01
   4.7201873e+01
   1.4460879e+01
  -9.8203029e+01
   4.3656093e+01
  -1.0114682e+01
   3.1923354e+01
   5.0641669e+01
   6.0947803e+01
  -9.4168884e+01
   5.5963453e+01
   1.3470100e+01
  -8.4776675e+01
  -4.9675635e+01
  -7.3309094e+01
   1.2894784e+01
   8.1962566e+00
  -8.6215710e+01
   9.7686173e+01
  -4.9780912e+01
  -3.6905402e+01
  -3.9868610e+01
  -9.1592192e+01
   5.5802601e+00
  -4.8795533e+01
  -1.8258002e+01
   8.9502529e+01
   8.3856194e+01
  -7.5751265e+01
   1.8388967e+01
  -2.8069565e+01
   4.3861386e+01
   4.7102183e+00
  -4.7831330e+01
  -1.3841388e+00
   7.1167180e+01
   4.4881257e+01
  -6.0177940e+01
  -6.8542825e+01
  -2.5904896e+01
   7.2454401e+01
   3.6952526e+01
   2.6839576e+01
  -7.1735342e+01
  -8.4139551e+01
   7.5229070e+01
  -1.5914260e+01
  -2.4672786e+00
  -7.9349011e+00
   3.1354499e+00
  -4.5601122e+01
  -5.3684032e+01
   7.9906815e+01
   8.1739465e+01
   2.0728570e+01
  -2.6952703e+01
   1.9718100e+01
   3.3697429e+01
   7.8912818e+01
  -8.2532895e+01
   7.8020699e+00
  -1.4310013e+01
   2.3430699e+01
   1.1775175e+01
  -5.4829862e+01
  -7.9096094e+01
  -9.8004469e+01
  -8.8169339e+01
  -3.5469526e+01
   5.5895301e+01
  -3.2904283e+01
   2.3913723e+01
   9.8577143e+01
   2.9601139e+01
   7.9551641e+00
  -5.3549049e+01
   4.7966445e+01
   7.7798469e+01
   7.1961525e+01
   1.9412158e+01
   3.0950429e+01
   8.3002799e+01
  -1.3363384e+01
  -4.2047849e+01
   2.6376460e+01
  -4.0915632e+01
   2.4405758e+01
  -9.0493161e+01
   9.8921979e+01
  -5.8647170e+01
   2.1472791e+01
  -3.0473935e+01
   4.3547414e+01
  -9.4401341e+01
  -8.6631648e+01
   8.5412828e+01
  -8.2445648e+01
  -3.3520288e+01
   5.2361791e+00
  -5.0671575e+01
   8.5798913e+00
   5.6173570e+01
   4.3764763e+00
   8.6389987e+01
  -7.0577604e+01
  -1.6646860e+01
  -4.3941427e+01
   1.9620063e+01
  -9.2705029e+01
  -8.7262699e+01
  -3.5423499e+01
  -8.0324294e+01
  -6.5991075e+01
  -2.5767240e+01
  -9.2047675e+01
   4.1848191e+01
   2.8268272e+01
  -6.5187828e+01
  -8.7569611e+01
  -1.8668116e+01
  -7.3874148e+00
  -5.9465140e+01
   7.3909978e+01
   1.9588074e+01
  -9.5397293e+01
   7.9885287e+01
  -9.4107769e+00
  -8.8394765e+01
  -7.8746125e+01
   9.9685058e+01
   7.3265481e+01
   2.3041159e+01
  -9.4611103e+01
  -3.5495473e+01
  -7.2447532e+00
  -8.0196553e+01
   1.4197629e+01
  -3.4824981e+01
  -9.9015327e+00
   1.5568759e+01
  -8.5031138e+01
  -8.8531466e+01
  -3.9808713e+01
   4.3442498e+00
   1.2376047e+01
  -5.1689046e+01
   8.2544033e+01
   6.5146854e+01
  -1.1090823e+01
   9.6412513e+01
   1.5653512e+01
  -5.3115301e+01
   6.2118088e+01
  -9.7451671e+00
  -5.0006166e+01
   9.1087506e+01
  -7.1469931e+01
   2.5126770e+00
   9.4385028e+01
   2.9664124e+01
   2.2934201e+01
  -6.0699256e+00
   1.5556140e+01
   8.2262645e+01
  -2.4755943e+01
  -5.4247045e+01
  -1.5295026e+01
  -4.5280756e+01
  -1.1086831e+01
   2.5503009e+01
   6.9282507e+00
  -2.2911568e+01
   7.4690020e+01
  -3.9930253e+01
  -1.9994057e+01
   3.5447029e+00
  -8.7635057e+01
  -5.3726556e+01
  -7.6302802e+01
  -8.0243993e+01
   7.8055091e+01
  -9.3322185e+01
   6.7806998e+01
   1.4533450e+00
  -7.7256712e+01
  -1.9108686e+00
   1.9888344e+01
  -8.1956773e+01
   9.5644807e+01
   3.0603755e+01
  -7.7735747e+00
   7.2751622e+01
  -4.7434186e+01
   6.4792589e+01
  -3.4204939e+01
   8.8260106e+01
  -5.1178386e+01
   9.1422033e+01
   2.1649929e+00
   1.2915972e+01
   9.8743226e+01
   5.4196788e+01
  -3.7239616e+01
  -8.8425475e+01
  -9.1185242e+01
   6.2588794e+01
  -1.7585344e+01
  -2.3167366e+01
   4.6253065e+00
   7.8429793e+01
  -1.8815872e+01
   2.0877779e+01
  -8.1039289e+01
  -3.2803744e+01
  -7.1031632e+01
  -5.1023894e+01
  -2.4205668e+01
  -4.5936078e+01
  -5.6880140e+01
   2.6746222e+01
   5.9943114e+01
  -5.8297195e+01
   7.9251238e+01
   4.9141894e+01
   7.2771614e+00
   9.3993039e+01
   1.2976634e+01
  -5.6462020e+01
   7.1552657e+01
   7.2399864e+01
  -3.7339561e+01
  -3.4603158e+01
   6.8002681e+01
  -1.4934427e+00
  -8.9619503e+01
   5.5603674e+01
  -1.4665523e+01
  -4.4007624e+01
  -3.3298398e+01
  -2.6612010e+01
   5.8958482e+01
  -9.2261843e+01
   4.5333867e+01
   7.4536892e+01
  -4.2837043e+01
   3.1369852e+01
  -5.3622675e+01
   2.4390788e+01
  -8.4975247e+01
   9.3351175e+01
   2.1993991e+01
  -2.3256964e+01
  -9.3886045e+01
   7.1513117e+01
   2.0708637e+01
   6.9568081e+01
   9.2324938e-01
  -9.8417832e+01
   8.3814635e+01
  -1.7859041e+01
   4.6473150e+01
  -6.9778944e+01
   6.3046655e+01
   8.1920506e+01
   5.5588492e+01
   5.1424627e+01
  -1.8960495e+01
   4.0380216e+01
   1.3092187e+01
   1.6947270e+01
  -3.1017080e+01
   4.0846648e+01
  -6.7827264e+01
  -9.9697213e+01
   1.2400170e+01
   9.2968250e+00
   1.0165552e+01
   3.8907352e+01
   8.5498818e+01
   8.8842062e+01
   8.0652666e+01
   2.0821257e+01
   8.5241951e+01
  -7.6610748e+01
  -3.1839698e+01
  -9.2653911e+01
   7.6739701e+00
   4.7445760e+01
  -6.3755499e+01
  -1.4750668e+01
  -8.0366409e+01
  -3.9355687e+01
   5.6024522e+01
   7.3920833e+00
   5.3814287e+01
   2.7788729e+01
   7.8629649e+01
  -8.7861923e+01
  -6.4845691e+01
  -1.6733628e+01
   4.7958368e+01
   7.8590958e+01
  -9.4829339e+01
  -7.2487394e+01
  -1.5182513e+01
   5.2913356e+01
   4.8874375e+00
   5.0896272e+01
  -6.6040311e+01
   3.4545401e+01
   2.3730549e+01
  -9.8630782e+01
   4.8045105e+01
   9.8347096e+01
  -7.4363729e+01
  -2.7883448e+01
  -6.1785347e+01
   4.2879532e+01
  -6.4426598e+01
   9.7369750e+01
  -9.6600174e+01
  -9.2040706e+01
   6.0866106e+01
   7.1958457e+01
   1.3250506e+01
   5.0822536e+01
   3.9029533e+00
   1.7180894e+01
  -6.1853395e+01
   6.8829270e-01
  -8.9817073e+01
  -8.8780851e+01
  -3.2960520e+01
   2.6180951e+01
   7.8395563e+01
   3.4679325e+01
   3.7053408e+01
   3.9148959e+01
   5.9966287e+01
   3.2121033e+01
   3.9873191e+00
  -3.3652718e+01
   8.6834543e+01
  -5.0704610e+01
   2.2412742e+00
   4.8063577e+01
  -4.9166293e+01
   6.9116952e+01
   7.6308844e+00
   8.2027227e+01
  -2.9858718e+01
   8.7064977e+01
   8.5543892e+01
   1.7540072e+01
  -7.9647573e+01
  -2.6624812e+01
  -4.4830893e+01
  -4.6780500e+01
  -5.4692270e+01
  -9.9735844e+01
   7.8601474e+01
  -9.3004986e+00
   1.5684201e+01
  -3.6878892e+01
   9.8803375e+01
   9.6778577e+01
   9.2909578e+01
   3.3253048e+01
   4.5231635e+01
  -3.3191489e+01
   4.5545533e+00
  -4.5329127e+01
   4.3675806e+01
   5.5603511e+01
  -8.3787156e+01
  -5.5683972e+01
  -5.9208101e+01
   2.4819861e+01
   4.5041023e+01
   6.6872838e+01
  -9.6220924e+01
  -5.9576474e+01
  -6.1814076e+00
  -2.4320964e+01
  -3.1921253e+01
  -8.7229763e+01
   5.2267187e+01
  -1.9467583e+01
   3.4857943e+01
   1.0215132e+01
  -8.9708567e+01
  -3.8500812e+01
   9.3088953e+01
   8.6295030e+01
  -2.4394655e+01
   2.3534038e+01
   1.2506678e+01
   6.6112142e+01
   9.1539748e+01
  -8.4898869e+01
   7.7604879e+01
   1.2489458e+01
  -6.1128975e+01
  -5.5709442e+01
   4.1152610e+01
   1.9352287e+01
   1.7259215e+01
   9.3698830e+01
   1.6348685e+01
  -8.0039942e+01
  -6.6679436e+01
  -7.9581241e+01
  -7.0750579e+01
   3.4312953e+01
   2.7970636e+01
  -2.5512910e+01
  -6.7425407e+01
  -2.2096238e+01
   5.9995313e+01
  -2.0041260e+01
   5.1023817e+01
  -4.0957918e+01
   2.8001182e+01
   7.7023431e+01
  -5.8071335e+01
  -3.9287024e+00
  -7.7402488e+01
  -7.3526072e+01
  -8.7199549e+01
  -8.4140521e+01
   2.5390833e+01
  -1.7733207e+01
   2.7717937e+01
   7.1311393e+01
   5.2715007e+01
   9.5232059e+01
   5.6307449e+01
   8.7116641e+01
   4.7830433e+01
  -4.9276046e+01
   4.3850057e+01
   3.8702523e+01
   5.4663790e+01
   4.9443417e+01
  -3.6323267e+01
   2.0861914e+00
   5.4613295e+01
   1.4563105e+01
   9.0770067e+01
  -6.5685539e+01
   8.1447019e+01
   5.0443885e+01
  -4.2764954e+01
   2.5482069e+01
  -7.4344154e+00
  -7.4112151e+01
   9.8769325e+00
   9.3901865e+01
  -1.1571902e+01
   1.8192786e+01
  -7.7805951e+01
  -6.0029542e+01
  -6.7407179e+01
  -9.2624515e+01
  -4.5455067e+01
  -5.3973282e+01
  -2.8291062e+01
  -7.3131460e+01
   9.9718919e+01
   2.7041709e+00
  -2.2430739e+01
  -5.0029448e+01
  -2.7049515e+01
  -2.0188492e+01
   8.5260152e+01
  -9.0541387e-01
   2.1837401e+01
  -9.9038307e+01
   1.7545753e+01
   5.5492485e+01
   3.1436637e+01
   5.6629387e+00
   6.5154632e+01
   9.2486754e+01
  -3.7252709e+01
   5.9417011e+01
  -4.2964840e+01
  -9.7021025e+01
  -8.1170049e+01
  -3.4255396e+01
  -3.8886736e+01
  -9.6395573e+01
  -6.7558518e+01
  -1.1202107e+01
   5.3354006e+01
   3.6251187e+01
   4.2907346e+01
  -8.0438244e+00
   8.3853681e+01
   9.7788684e+01
   8.6520223e+01
  -7.6953305e+00
   8.0984434e+01
  -2.2709669e+01
   2.0603310e+01
   1.2063802e+01
   6.9167951e+01
  -4.3039009e+01
   3.2663700e+01
   2.0451635e+01
   3.1292589e+01
  -3.8013183e+01
  -3.3671239e+01
  -6.2360534e+01
  -7.9863319e+01
  -4.2687209e+01
  -2.9034756e+01
   7.1523396e+00
   9.8166596e+01
  -9.4364383e+01
   4.1906403e+01
   8.1031404e+01
   7.3165876e+01
  -7.6166135e+01
   9.1055040e+01
  -1.1819842e+01
   7.5152043e+01
   7.2990329e+01
  -2.8969885e+01
   2.6229289e+01
   7.2909850e+01
  -9.5801653e+01
  -8.4635949e+01
  -2.4657115e+01
  -7.0161267e+01
  -9.3180621e+01
   5.6449942e+01
  -3.4550985e+01
   6.3495266e+01
  -6.5276190e+01
   3.5223547e+01
   7.5120096e+01
   5.1431094e+01
  -5.4074857e+01
  -2.8211276e+01
  -2.7367181e+01
  -4.6511378e+01
  -3.2539448e+01
  -8.2607870e+01
  -9.6880696e+00
  -9.0671945e+00
  -9.4192898e+01
   2.7420375e+01
  -8.8108243e+01
  -6.6160777e+01
   3.6935948e+01
   1.0913463e+01
  -9.8792833e+01
  -4.2382969e+01
  -2.4677687e+01
  -7.0701393e+01
  -8.5093277e+01
  -7.8514248e+00
  -2.5921124e+01
   6.4911504e+01
   7.5071312e+00
   6.3503217e+01
  -7.9238347e+00
  -9.7193237e+01
  -9.9003359e+01
  -6.6754643e+01
  -2.6812232e+01
   4.3642095e+01
  -6.8115273e+01
  -4.4245706e+01
   2.8987690e+01
  -4.2559170e+01
  -3.5613821e+01
  -6.8916641e+01
  -2.2467372e+01
   7.9146627e+01
   7.7553374e+01
  -2.1277334e+01
   3.5091548e+01
  -4.9557161e+01
   8.9997542e+01
   2.4936435e+01
  -5.8610412e+01
  -7.8068968e+01
   1.3169922e+01
  -4.5133321e+01
  -8.5766948e+01
  -6.8310140e+01
  -9.0095941e+01
   3.6176750e+01
   5.6351162e+01
   6.1473039e+01
  -4.6989281e+01
   7.9179879e+01
   2.1597218e+01
  -9.7119832e+01
  -3.1194250e+01
   6.7329471e+00
   2.5552515e+01
  -1.0652540e+01
   6.2221129e+01
  -7.1034402e+01
   9.4965875e+01
   6.6752013e+01
  -3.1979768e+01
   2.3247813e+01
  -3.9248766e+01
  -8.2156247e+01
   4.3051610e+00
   6.5058307e+01
   5.2785324e+01
   8.9527862e+01
  -3.3290545e+01
  -2.2052324e+01
  -6.9917424e+01
  -3.3259116e+01
   1.0735766e+01
   1.0058789e+01
  -6.7915791e+01
  -7.6582106e+01
  -2.0289913e+01
   6.6276601e+01
  -6.2999759e+01
   1.5715150e-01
  -7.4737104e+01
   7.2925691e+01
   5.3329138e+01
   1.2870707e+01
  -2.2086126e+01
  -1.9724673e+00
   7.7380819e+01
   8.1009656e+01
  -3.2220893e-01
   5.8453900e+00
   8.1940144e+01
   1.5719689e+01
   5.5157021e+01
   3.2278926e+01
  -6.0685522e+00
  -5.6046476e+01
   2.0517948e+01
  -6.3148201e+01
  -6.0498057e+01
   7.2398429e+01
  -7.4870150e+01
   2.9116051e+01
  -1.2536358e+01
   2.2521013e+01
   4.7496483e+01
  -3.9344111e+01
  -9.1406457e+01
   6.7101506e+01
  -2.6138364e+01
   3.2267861e+01
   7.9143984e+01
  -4.5180187e+01
   9.9579695e+01
   6.6870676e+01
   5.8268737e+01
   3.1322542e+01
   8.7346039e+00
  -2.2663734e+01
   6.4446418e+01
   1.9066903e+01
   5.6328264e+01
   9.7534911e+01
   5.7650760e+01
   7.0584177e+01
  -2.8774342e+00
   7.4751215e+01
  -3.3230583e+01
  -5.8936644e+01
  -1.1285864e+00
  -9.3758208e+01
   6.5514883e+01
  -4.7148512e+01
   3.5499866e+01
   5.8772867e+01
   3.6368773e+01
   3.0151847e+01
  -5.2531654e+01
  -4.5193042e+00
   8.7283853e+01
  -5.1779298e+01
  -5.8177224e+01
  -4.5505594e+01
   5.5163484e+01
  -3.3717717e+01
   2.0614940e+01
  -6.3197027e+01
  -8.2508230e+01
  -3.8216924e+01
  -5.3824319e+01
   8.1837410e+01
   8.7376869e+01
  -9.3624232e+01
   1.8729409e+01
  -9.1236496e+01
  -1.5019431e+01
   4.3162558e+00
   6.8067884e+01
   2.5005936e+01
  -4.8959064e+01
   8.0938247e+01
   5.3460120e+01
   1.2533100e+01
   7.9430707e+01
  -2.6384118e+01
  -3.2453799e+01
   2.3771071e+01
  -8.2620912e+01
  -2.4900494e+01
  -6.2523787e+01
   6.2105338e+01
   4.4649639e+01
   3.4934809e+01
   8.2796283e+01
   6.4192179e+01
   9.7449273e+00
  -9.6891681e+01
  -8.1062729e+01
   2.9516583e+00
   9.0496528e+01
   6.8612239e+01
   8.7002449e+01
   9.4682617e+01
  -2.5494722e+01
  -3.5819862e+01
   5.6649580e+01
  -5.7555657e+01
   9.1830441e+01
   8.6046574e+01
  -2.6854103e+01
  -3.1017522e+01
   3.8536326e+01
   4.3320773e+01
   6.0068699e+01
   1.8734095e+01
  -8.0564998e+01
   1.1901833e+01
  -9.1382008e+01
   5.1526344e+01
   3.1929506e+01
   1.9891864e+01
  -5.4601050e+01
   4.2742872e+01
   4.4900483e+01
  -3.1156406e+01
  -9.3449835e+01
   6.8723170e+01
   5.4060023e+01
   1.9293274e+00
   4.1392656e+01
   5.8234781e+01
  -3.3866196e+01
   8.2735028e+01
   1.5340993e+01
  -4.2418145e+01
  -4.6627028e+01
   7.8035636e+01
  -2.6779762e+01
  -6.9996922e+01
   8.9265514e+01
   3.0167063e+01
   9.6442914e+01
  -6.1233261e+01
   6.5748519e+01
  -1.2395821e+00
   1.8155707e+01
  -9.1021886e+01
   1.2891630e+01
   2.6708861e+01
  -3.8004744e-01
  -8.8075274e+01
   3.0326368e+00
  -8.9361012e+01
   6.8726384e+01
   1.8934556e+01
   3.8203766e+01
   2.9445354e+01
   2.4687967e+01
   9.0771664e+01
  -6.4611202e+01
  -5.0189607e+00
   6.8480722e+01
  -6.0730893e-01
   5.2480945e+01
  -6.4024548e+01
   3.8324411e+01
   8.2884971e+01
  -6.7468515e+01
  -1.4380776e+01
  -9.1629627e+01
  -5.4850749e+01
   3.3230073e+01
   7.4268977e+01
  -3.1054331e+01
  -9.4549687e+01
   8.1056533e+01
  -5.7875507e+00
   8.2092804e+01
  -3.4404045e+01
   3.8220709e+01
  -9.6510404e+01
   2.4693700e+00
  -3.3637264e+01
  -3.2777511e+01
   9.0669121e+01
   5.0101082e+01
  -3.3215154e+01
   2.6566550e+01
  -1.6890858e+01
   1.5299960e+01
   9.1900106e+01
   2.3169646e+01
  -6.9884421e+01
   6.7654140e+01
   4.5233084e+01
  -7.8230760e+01
  -6.7729692e+01
  -4.0597942e+01
  -1.5283512e+01
   5.6828837e+00
  -4.4980525e+01
   6.5591216e+01
   5.8556947e+01
  -4.5250401e+01
   2.3138880e+01
  -7.9689855e+01
   3.3992643e+01
  -3.0520680e+01
   3.3899121e+01
  -4.0939552e+01
   3.6085593e+01
  -2.1245387e+01
  -2.1636334e+01
  -5.8607340e+01
   4.4904061e+01
   6.3861072e+01
   8.5294327e+01
   2.8239984e+00
  -6.1371342e+01
   2.0580182e+01
  -6.0363962e+01
  -1.7921485e+01
   7.0614963e+01
  -1.4183642e+01
   8.5131716e+01
  -2.5384456e+01
   3.9649274e+01
   1.7725084e+01
  -7.9826771e+01
  -1.7521000e+01
   8.4941645e+01
  -8.8889905e+01
  -2.3190491e+01
  -5.1871977e+01
  -5.4438279e+01
  -2.8575923e+01
   8.4820512e+01
   4.9966927e-01
   6.0647528e+01
  -2.9945593e+01
  -8.2634978e+00
   9.0219333e+01
  -7.3403325e+01
  -8.5938552e+01
   4.1216288e+01
   8.6340555e+01
  -7.8219817e+01
   3.0339368e+01
  -7.0787572e+01
   3.8792586e+01
   2.5122725e+01
  -9.1255320e+01
   5.9584765e+01
   9.7242140e+01
  -1.2651036e+01
  -3.1050229e+01
  -9.0238776e+01
  -5.4959418e+01
   1.6202584e+01
   2.0275068e+01
  -4.9496319e+01
   3.0868332e+01
  -8.7980881e+01
   8.8101218e+01
  -8.1493884e+01
  -3.3204414e+01
   3.0209929e+01
   7.8215527e-01
   6.1850281e+00
  -2.4175254e+01
   5.3781483e+01
  -4.3497747e+01
   2.9854548e+01
   8.4436764e+01
  -3.3865623e+01
   6.2687826e+01
   5.7527119e+01
  -7.5135504e+01
  -6.8522490e+01
  -1.7000346e+01
   3.7466560e+01
   3.1540781e+01
   3.5995499e+01
  -9.8122665e+01
  -7.4278085e+01
   5.2781276e+01
   6.8383100e+01
   4.9389719e+01
   8.8904693e+01
   8.3942845e+01
  -5.5385142e+01
   1.9534376e+00
   5.7548039e+01
   4.4903829e+00
   2.3478389e+01
   1.1648140e+01
   4.6198405e+01
  -8.7319577e+01
  -1.4426946e+00
  -5.4015192e+01
  -3.2521784e+01
   1.0327621e+01
   4.8737134e+01
  -1.7538891e+01
   1.5236665e+00
  -7.4205525e+01
  -5.7032869e+01
  -4.1434072e+01
  -1.0006834e+01
  -5.1943577e+01
  -4.7347303e+01
   7.8316514e+01
   1.7227966e+01
   8.7734924e+01
   2.3615975e+01
  -4.9856192e+01
  -7.9492509e+01
   9.2727802e+00
  -1.1470877e+01
   3.8301227e+01
   5.1887892e+01
  -2.0115763e+01
   1.3482680e+01
  -5.8883215e+01
   8.8705722e+01
   2.5613289e+00
  -4.4750680e+01
  -5.4172090e+01
   9.0585683e+01
   3.7884166e+01
   4.1574550e+01
   3.1384382e+01
   5.5793490e+01
   1.6093911e+01
   6.4602672e-01
   7.5746262e+01
  -2.1410146e+01
  -5.1472898e+01
  -4.3674674e+01
   8.0954202e+01
   4.0535044e+01
   7.0611145e+01
  -2.4263261e+01
   2.6604326e+01
  -9.3688631e+01
   8.4006708e+01
  -6.0506230e+00
   3.9806372e+00
   5.3262423e+01
  -3.2756680e+01
   2.5197024e+01
  -3.4619598e+01
  -3.7778630e+01
   2.9215680e+01
  -1.3261674e+01
  -7.9422690e+01
  -5.2769807e+01
   9.4356559e+01
   3.9779483e+01
   3.1890051e+01
  -3.4780532e+01
  -9.6035617e+01
   1.4094518e+01
  -9.2733020e+01
  -4.7051451e+01
  -6.1868313e+01
  -1.0140075e+01
   5.3731036e+01
   2.5587239e+01
  -3.7059941e+01
  -4.1591373e+01
  -8.4352402e+01
  -6.5611233e+01
   4.4256069e+01
  -8.2110283e+01
   8.3562441e+01
  -1.4064610e+01
  -8.4055426e+01
   1.4428823e+01
   6.6354463e+01
  -3.0526439e+01
   5.5977801e+01
   4.1667846e+01
   1.8188472e+01
  -2.4601261e+01
  -2.1234995e+01
  -1.4338231e+01
  -1.5394878e+01
  -5.6215143e+01
  -6.4706958e-01
  -9.2026057e+01
   1.2963300e+01
  -9.0171408e+01
   7.4456249e+01
   7.2004952e+01
  -3.2348411e+01
   9.4806093e+01
   9.0955002e+01
   9.7724200e+01
  -6.8456465e+01
  -9.9416330e+01
  -5.0364008e+01
  -3.0741976e+01
  -5.3332257e+01
   5.1178237e+01
  -5.4814464e+01
  -1.0311351e+01
  -4.8111087e+01
  -3.0841097e+01
   8.0590990e+01
  -9.7459826e+01
  -7.3555439e+01
  -2.2387469e+01
   6.8124202e+01
  -5.7346739e+01
   8.7046880e+01
   9.3960076e+01
  -2.4948289e+01
   9.6972568e+01
  -7.5582861e+01
   5.2191494e+01
   1.5872337e+01
   2.4231308e+01
  -2.0191519e+00
  -5.5909929e+01
  -7.1173151e+01
   2.7035141e+01
   6.0483139e+01
   3.3928652e+01
  -5.6794085e+00
   8.8895623e+01
   1.8296174e+01
  -5.4650448e+01
   3.6768737e+01
  -3.5871429e+01
   4.9783709e+01
   9.9628641e+01
  -4.6053330e+01
   8.6373927e+01
   3.9277411e+01
  -8.0948143e+01
  -5.0825566e+01
   8.6931510e+01
  -4.0431564e+00
   7.6505549e+01
   5.5859463e+01
  -9.6343223e+01
