  -5.0943521e+01
  -2.7670679e+02
   3.0806906e+02
  -1.9618830e+02
  -3.3757626e+00
  -5.7673608e+01
  -1.9018848e+02
  -1.9130934e+02
  -1.6331358e+01
   8.2119169e+01
  -6.7658434e+01
  -2.3020282e+02
   8.5844186e+01
  -1.0747182e+02
  -3.5300699e+00
   1.4782704e+02
   1.2154903e+02
   9.1346783e+01
  -3.1765488e+02
   1.5998336e+02
   5.3744238e+01
   1.6431431e+02
  -6.4847285e+01
   2.0226235e+02
  -2.1378608e+02
   1.1640533e+02
   1.9006932e+02
   2.8915299e+02
   9.8485796e+01
  -8.3718170e+01
   2.1533693e+00
   2.0497531e+02
  -1.0603356e+02
  -2.0861202e+02
   2.5101306e+01
  -6.8757488e+01
   2.9603650e+01
  -2.2987867e+02
  -2.7339826e+02
   3.8565344e+02
  -9.8282109e+01
  -1.3522419e+01
   5.4028016e+01
   2.4129486e+02
  -7.0795444e+01
  -1.2017713e+02
   5.2390776e+01
   1.1112222e+02
   7.7333366e+01
  -5.1797791e+01
   1.6423574e+02
  -1.4621691e+02
  -1.0404517e+01
  -2.5923372e+01
   2.4699524e+02
  -1.7008777e+02
   1.1685339e+01
  -2.6686368e+02
  -8.6421504e+01
  -2.3663186e+00
  -1.7824953e+02
  -1.7400251e+02
   4.7593675e+01
   1.3319221e+02
  -2.3717967e+02
  -8.9681409e+01
   2.2471776e+02
  -2.0258092e+02
   5.4576626e+01
   1.1827311e+02
  -2.6162089e+02
   3.5048960e+02
   3.9339615e+01
   3.0867407e+02
   5.8328699e+01
   1.2713938e+02
   1.0297793e+02
  -5.4224424e+01
  -2.6574481e+02
  -8.9187395e+01
   1.6591884e+02
  -1.2435210e+02
   4.7475448e+01
  -3.1078459e+01
   9.6169584e+01
  -1.4456739e+02
   2.7284118e+02
  -3.9339326e+01
   2.1467131e+02
   2.2255345e+02
   2.2563893e+02
   8.1579584e+00
  -1.4804932e+02
   2.5566161e+02
  -2.2838934e+02
  -1.1664908e+02
  -3.5178258e+01
  -1.0753092e+02
  -1.7230988e+02
  -1.1085681e+02
   1.8464047e+02
   6.3322662e+01
  -6.4111285e+01
  -1.7753041e+02
   1.5971972e+02
   1.5837176e+00
  -5.8542055e+01
  -8.5987300e+01
  -7.1132928e+01
  -2.9985481e+02
  -1.7447599e+02
  -9.3876751e+01
   1.0371027e+02
   1.4748838e+02
   2.1183721e+02
  -5.3222247e+01
   2.4679658e+02
  -6.4449164e+01
  -4.3785166e+01
   2.3714440e+01
  -1.8622042e+02
   1.8749251e+02
   3.3808534e+02
   1.3531678e+02
  -5.5370595e+01
   2.8052108e+02
  -6.1362384e+01
   1.3300796e+02
  -2.9997102e+02
   3.0817265e+01
  -1.1581914e+02
  -4.2820169e+01
   2.8084367e+02
  -3.3781170e+01
  -1.7167353e+02
   1.5994672e+02
  -3.6304984e+02
   9.3001682e+00
   9.1664187e+01
  -1.2465912e+02
   7.6726372e+01
  -8.2627728e+01
   2.9714176e+02
  -2.0061254e+02
  -2.8703976e+01
  -2.7058204e+02
   1.0039439e+02
   3.0686664e+02
  -3.0538388e+02
  -3.3485336e+01
  -1.2003589e+01
  -1.5386482e+02
   1.4053153e+02
  -2.2832995e+01
   1.0399625e+02
  -9.4262712e+01
  -2.0838707e+02
  -3.3620880e+02
  -4.4881055e+01
   1.2235345e+02
   2.4716969e+02
   4.0856558e+01
   3.4720316e+02
  -9.4590181e+01
   1.9323070e+01
   5.8358116e+01
  -6.8910730e+01
  -7.7160050e+01
  -2.0671069e+02
  -1.0907791e+02
  -2.4350784e+02
  -6.4788187e+01
  -6.6640005e+01
   2.2130746e+02
  -1.8857623e+02
   2.2693636e+01
  -7.1084805e+01
   1.4458793e+02
   9.1931248e+01
   1.2001378e+01
   2.7490163e+02
  -3.5465819e+02
   5.1129828e+01
  -1.6747387e+01
   1.5713506e+02
   2.6001639e+02
   1.6684802e+02
   2.7142100e+02
  -2.7338364e+02
   6.5897873e+01
   5.9805505e+01
   8.4918452e+01
  -1.8140173e+02
   1.2283385e+02
  -8.4781965e+01
  -2.3013537e+02
   2.1048721e+02
  -6.8761932e-01
   4.2062057e+01
   2.7266455e+01
  -2.2882704e+01
  -2.3350902e+02
  -1.1685428e+02
   1.4770865e+02
   6.1399897e+01
  -8.5476382e+01
  -1.7339188e+02
  -2.5456475e+02
  -3.3140622e+01
  -5.5781365e+00
   8.5848941e+01
   2.2986511e+01
  -1.7152377e+02
   1.3701115e+02
  -7.1884238e+01
  -2.2966796e+02
  -2.2345125e+02
   7.5150914e+01
   9.9744441e+01
  -8.0510666e+01
  -6.9272238e+01
   2.7129153e+02
   4.5685955e+01
  -2.2129294e+01
   6.0071825e+01
  -5.8410871e+01
   4.0635625e+01
  -3.2582618e+02
  -1.5887587e+02
   1.4625235e+02
  -1.0300331e+02
  -6.0317836e+01
   8.9867041e+01
  -2.1863324e+02
  -3.3177681e+02
   2.9712601e+02
   2.1824045e+02
   1.9459936e+02
   2.4622976e+02
   1.0542696e+02
   1.8079203e+01
   1.9438427e+02
   2.1422525e+02
  -1.7752697e+02
   1.0090019e+02
   2.9584580e+02
   2.7027391e+02
  -5.1758200e+01
  -7.5630607e+01
   6.0043479e+01
  -2.9591393e+01
  -1.2905325e+02
   1.2240181e+02
  -1.4729708e+02
   2.1527742e+02
  -1.2696466e+01
  -6.7682553e+01
  -6.5471815e+01
  -2.2544866e+02
  -4.9771744e-01
  -1.7679380e+02
  -1.7475064e+01
  -1.9070673e+02
   3.8789207e+01
   9.1313490e+00
  -2.4221344e+02
  -1.2904115e+02
   1.1544826e+01
  -3.0191299e+01
   9.2497512e+01
  -2.4922450e+02
   2.6235412e+01
   2.1620671e+01
   1.1241908e+02
  -2.1445983e+02
  -3.4137014e+02
   1.8723388e+02
  -1.2733066e+02
   1.6107970e+02
  -1.6067667e+02
   1.9314730e+02
  -1.7605334e+02
  -1.1710652e+02
  -1.7366711e+02
   3.5969918e+02
   6.5413178e+01
   1.0616932e+02
   6.5765920e+01
  -2.4174805e+02
   1.2433463e+02
  -8.2533413e+01
  -1.6177790e+01
  -1.7078511e+02
  -3.4394546e+01
  -1.3888292e+02
  -9.7219107e+01
  -1.2472077e+02
  -2.7423838e+02
   9.5838079e+01
  -2.2113188e+02
   1.9862760e+02
   3.0478473e+02
  -1.1278733e+02
   2.7049245e+02
   1.5895881e+02
  -2.2958502e+02
   8.8450094e+01
  -3.8972760e+01
  -2.5466270e+02
   1.8453913e+02
  -1.9350140e+02
   2.6378276e+01
  -3.3983059e+02
  -8.0919811e+01
   1.4288949e+02
  -2.3112427e+02
  -2.1994056e+02
  -2.5139241e+02
   9.3875038e+01
   1.8074319e+02
  -1.4699127e+00
   1.3177570e+02
   2.0083358e+01
  -2.0358941e+01
  -2.0581001e+01
  -1.3499906e+02
   2.6171978e+02
   2.7146986e+01
  -1.5268549e+02
   1.7743482e+02
   1.3150664e+02
  -7.5682276e+01
   1.4046131e+02
  -7.2782569e+01
   3.3722110e+01
  -9.1048686e+01
  -1.5272684e+02
   2.3459658e+02
  -5.6258101e+01
   1.8532141e+02
  -1.7546882e+02
  -4.7159033e+01
   9.8421013e+01
  -1.1357159e+02
  -1.4112034e+02
   4.1957172e+01
   2.7466598e+02
   3.4537185e+01
   2.1882408e+02
  -1.1488880e+01
   3.0302493e+02
  -1.2232292e+02
  -3.2158606e+02
   1.3191209e+02
   1.7059430e+02
   1.5420900e+02
   1.8233883e+02
   1.0072920e+01
  -1.2993059e+02
  -2.4620870e+02
  -3.1151293e+02
   3.2877352e+01
  -2.7298190e+02
  -1.4986403e+01
  -4.5576570e+01
  -1.7994733e+02
  -6.8019427e+01
   1.9150437e+02
  -2.1022836e+01
  -1.0375365e+02
   2.0480100e+02
   1.4239019e+01
   1.8919807e+02
   3.2097580e+02
   4.5852270e+01
  -1.9260688e+02
   1.2486366e+01
   6.3332083e+01
   2.4074148e+02
  -1.9441845e+02
   6.3314606e+00
   5.0139081e+01
  -3.3329256e+01
  -5.0637754e+01
   4.4784637e+01
  -2.1928238e+01
   1.7748814e+01
   1.9862806e+02
   5.4323190e+01
   5.9429802e+01
   2.9184386e+02
  -2.3411139e+01
   1.3478623e+02
  -1.4595521e+02
  -1.3023825e+02
   1.4300427e+02
   1.3719951e+02
  -2.2797234e+02
  -5.1642478e+01
  -7.4209698e+01
  -4.1445259e+01
   2.5884164e+02
  -2.2000803e+02
   1.9470520e+02
  -8.2638836e+01
  -9.3705893e+01
  -7.6056823e+01
   9.3250966e+01
  -2.3214575e+02
  -4.2512554e+01
  -9.9555394e+01
  -1.7935165e+02
  -2.9324351e+02
  -1.0814818e+02
   2.2694822e+02
  -2.6199514e+01
   2.4693563e+02
   1.6873386e+02
   2.2839151e+02
   3.0261974e+01
   9.0731324e+01
   9.0900096e+01
   2.2583952e+02
  -4.9509981e+01
  -2.5691323e+02
   1.6555591e+02
  -7.9619186e+01
   2.0486154e+02
  -8.6889516e+01
   1.6505512e+02
  -2.2714226e+01
   1.3843216e+02
   2.1099384e+02
   3.2003144e+02
   1.2091328e+02
   1.1767940e+02
  -1.2057662e+02
  -5.3249618e+01
   4.3399757e+01
   1.4620672e+02
   8.4584287e+01
   1.6265197e+02
   2.2296426e+02
  -6.7067834e+01
   1.3460899e+02
  -1.6006802e+02
  -2.8229616e+02
   7.7036481e+01
   1.7886422e+02
   6.8766546e+01
   1.2991780e+02
  -1.0840960e+02
   9.2075998e+01
   5.7370823e+01
  -1.2812389e+02
  -9.1987306e+01
  -3.1649291e+01
  -1.4075480e+02
   2.2924503e+02
  -2.1839014e+02
  -9.0825381e+00
  -1.0968356e+01
   1.0143150e+02
   3.6883726e+01
   5.3797139e+01
  -1.0650605e+02
   4.2054771e+01
   1.7574822e+02
   2.1105588e+02
   3.3882189e+02
   2.6791669e+02
  -4.8528909e+01
  -9.5791300e+01
  -2.7447554e+01
  -2.1214950e+02
  -2.4111050e+02
   2.4670095e+02
   2.3183732e+02
  -2.2624053e+02
   1.2169763e+02
  -8.5326175e+01
  -2.1702102e+02
  -1.4158925e+02
   2.1309885e+01
  -8.1108235e+01
   2.1384110e+02
  -2.4996919e+02
  -3.5498400e+02
   8.8233159e+01
  -1.6053829e+02
   1.8362622e+01
   2.6158694e+02
  -1.8104851e+00
  -5.5104580e+01
   3.2579693e+01
   9.4117140e+01
   2.2802354e+02
   1.7779024e+02
   6.3723916e+01
  -2.0935786e+02
   2.0182302e+02
   3.4317733e+02
   1.0062360e+02
  -2.0341420e+02
  -7.6314760e+01
   3.9799227e+01
   2.1381891e+02
   7.6313723e+01
   3.8396582e+01
  -1.9493802e+02
   2.5574882e+02
  -1.5740328e+02
   1.0559485e+02
  -1.5825147e+02
  -9.4783345e+01
   2.1730368e+02
  -1.2130317e+02
  -1.0791684e+01
  -1.1301914e+02
   1.9950502e+02
  -2.2570070e+01
   6.3681613e+01
  -1.9691634e+01
   2.0594076e+02
   1.7912059e+02
   3.9640671e+01
  -1.3890581e+02
   9.7636898e+00
  -3.3756160e+02
  -1.1088222e+02
   1.4702284e+02
  -1.6531930e+02
   1.6420467e+02
  -2.3694949e+02
  -5.1037400e+01
   5.4362121e+01
  -4.1381231e+01
  -2.4345770e+01
  -2.6997826e+02
  -2.3406488e+02
  -2.6131868e+02
  -1.0378805e+02
   4.1014810e+01
   1.2326243e+01
   4.6567268e+01
  -1.4039571e+02
  -1.1973606e+02
   7.1994460e+01
   1.7605365e+02
  -3.4266205e+01
   2.1291869e+02
   1.0775248e+02
  -4.1197187e+01
   3.0132402e+01
   1.2188506e+01
  -2.0489638e+02
   2.5302306e+02
   9.4737206e+01
   2.2206394e+02
   3.0247864e+01
   2.6261148e+02
  -1.1994774e+02
   9.8671687e+01
   1.4713988e+02
  -5.6620167e+01
   2.5412002e+02
  -5.9815199e+01
   4.4037798e+01
   4.6124163e+01
  -6.6719216e+01
   2.6215175e+02
   1.6761820e+01
   8.2623064e+01
  -1.2538377e+02
   1.3504971e+02
   2.1285845e+01
  -2.8324790e+02
   1.9437523e+02
   7.0512703e+01
   2.7889075e+01
   1.4211112e+02
  -1.8743162e+02
  -3.2910748e+02
   1.6191863e+02
   1.7002814e+02
   1.7438542e+02
  -1.0440528e+02
   3.0161035e+01
  -8.4551225e+01
   3.3380116e+02
   6.5965916e+01
  -8.6364794e+01
  -8.4583952e+01
   4.5114150e+01
  -2.8667863e+01
  -2.2475668e+00
   9.9617840e+01
   2.7724904e+01
  -1.5094963e+02
   2.5838030e+02
   1.1082364e+02
  -1.2271556e+02
  -6.9058579e+01
  -2.4969092e+02
  -2.3770736e+02
  -1.1380955e+01
  -4.7947411e+01
   2.8917808e+02
   9.4444761e+00
  -7.8056360e+01
   9.2731884e+01
  -1.8553897e+02
  -2.6528932e+02
  -8.4405563e+01
   1.3841843e+02
   2.3484400e+02
  -1.2095051e+02
   6.3261341e+01
  -1.7521289e+02
  -1.6271546e+01
   7.1207617e+00
  -1.3641239e+02
  -1.1970663e+02
   6.0735806e+01
   1.0290171e+01
  -1.7459706e+02
  -1.3097742e+02
   2.1589240e+02
   1.5045920e+02
  -5.6793388e+01
   7.9155355e+01
  -2.0181488e+01
   5.3261316e+01
   1.5440432e+01
  -1.8758380e+02
  -1.2460893e+02
   1.0695569e+02
  -1.5123378e+02
  -2.0405455e+02
   1.8691572e+02
   1.2065020e+02
   2.0529793e+02
   1.2890666e+02
   1.2499977e+02
  -1.5047019e+02
   5.3609891e+01
   2.0436866e+02
   1.3646623e+01
   2.0132782e+02
  -1.1795107e+02
  -2.3869446e+02
   1.4168946e+02
  -1.6615660e+02
  -2.7942614e+01
   4.3034509e+01
  -9.3267168e+01
   2.0903179e+02
   1.6846093e+01
  -1.2350534e+01
  -3.1734362e+02
   7.9013888e+01
   6.7495541e+01
  -2.2683441e+02
   4.1591610e+00
  -4.8135185e+01
  -3.5461368e+01
   1.2507139e+01
  -1.3868490e+02
  -1.2321535e+02
   9.1653142e+01
  -1.4094864e+02
   1.3812255e+02
  -7.1474748e+01
  -6.4790740e+01
   1.3632399e+02
  -8.3945393e+01
  -2.2225988e+01
  -1.3151562e+02
  -3.5122799e+01
   8.3056758e-01
   2.1120507e+02
  -4.2096424e+01
  -6.0462242e+01
   2.1815208e+02
  -1.0074076e+02
   9.8381942e+00
   1.2325070e+02
  -1.2322816e+02
  -2.0953399e+02
  -1.8265362e+02
   1.1089525e+02
   8.9999788e+01
  -1.5009412e+02
  -2.0277246e+02
   1.0840635e+02
  -1.4080590e+02
  -8.1110631e+01
   2.9518633e+02
   7.7553347e+01
  -5.4710770e+01
   4.0692916e+01
  -1.6692831e+02
  -2.4587525e+02
   2.1833117e+02
  -2.9461211e+02
   1.1247236e+02
   1.5266450e+02
   1.3430831e+01
  -5.3423382e+00
  -3.0505058e+01
   1.0116931e+02
  -1.4139600e+02
  -2.5472104e+01
   1.5920155e+02
  -6.7664851e+01
  -2.1953873e+02
   1.0118439e+00
   6.4820726e+01
  -4.7312427e-02
  -4.4872125e+01
   2.6851029e+02
   2.3253319e+02
  -2.5704150e+02
   3.1982224e+00
  -1.2438729e+01
  -2.1489787e+01
   5.6670650e+01
  -5.3802167e+01
   8.0543842e+01
  -2.3740969e+02
   1.6683977e+02
   3.0285051e+02
  -3.8671834e+01
   6.4598616e+01
  -5.3089004e+00
   5.0299185e+01
  -1.2613754e+00
  -2.1229506e+02
  -5.6684277e+00
   1.3498540e+02
   1.9266758e+02
  -1.0130263e+01
   3.1506940e+02
  -9.8289151e+01
  -2.9293835e+02
  -2.9326233e+02
  -9.3313932e+01
  -5.0704248e+01
   8.5607265e+01
   1.0726554e+02
  -1.0331207e+01
  -2.2196912e+01
  -9.5999551e+01
  -1.3798624e+02
  -1.8332444e+02
   2.2131181e+02
   1.7724928e+02
  -2.7388118e+02
  -5.9467391e+01
  -4.5944874e+01
  -5.2293115e+01
  -7.0321591e+01
   2.0038917e+02
  -4.7925600e+01
   1.1781766e+02
   1.9368517e+02
   6.3286994e+01
  -1.9549001e+02
   3.6832143e+01
   2.0600188e+01
   1.0624545e+02
  -2.7301280e+01
   1.2564643e+02
   2.0372269e+02
  -1.1686927e+02
  -8.4484117e+01
  -5.5043034e+01
   1.6556390e+02
  -1.3444166e+02
   2.3516705e+02
   4.1181461e+01
   7.5287926e+00
  -9.8887281e+01
  -2.1091586e+01
  -2.1534026e+02
   1.5945413e+02
  -1.2798983e+02
  -1.5320854e+02
   1.8585815e+02
  -1.2018032e+02
   2.8548549e+02
  -1.4086361e+02
  -2.1892258e+01
  -1.6175669e+02
   7.2370540e+01
  -7.6517977e+01
  -8.5876285e+01
  -9.8769070e+01
  -2.9391895e+01
   2.9283390e+02
   9.5352731e+01
  -1.4590720e+01
   2.4394963e+02
   7.9166341e+01
   5.5643815e+01
  -1.7180909e+02
   2.9461894e+02
   2.5769954e+01
  -1.6758516e+01
   1.0005954e+02
   2.3031394e+02
  -2.1632576e+02
   1.5730779e+02
   7.6663983e+01
   8.7587364e+01
  -8.2829794e+01
  -8.9618508e+01
  -1.2881381e+02
   2.4762848e+02
   1.3514166e+02
  -9.2421552e-01
  -3.2783074e+02
  -1.6702734e+02
  -2.0016398e+02
   9.4854917e+01
   3.5395639e+00
  -9.5082634e+00
  -2.2601377e+02
   1.5884381e+02
   7.0632293e+01
   6.2831136e+01
   6.0787194e+01
   1.4414399e+02
  -3.3380107e+01
  -2.2771136e+02
   2.1633091e+02
   4.8694034e+01
   1.5432737e+02
   4.9211184e+00
  -2.4835491e+01
  -4.1013438e+01
   4.7351888e+01
  -2.1253956e+02
   7.4696426e+01
  -2.0340022e+02
   3.1236045e+02
  -2.1650570e+02
  -2.0616277e+02
   2.7592200e+00
   4.7609871e+01
   1.2018960e+01
  -1.7772344e+02
  -2.1619592e+02
  -1.8320106e+02
  -9.3355485e+01
  -1.1328459e+01
   1.8585801e+02
   1.5147326e+02
  -9.6143411e+01
   1.7735908e+02
  -1.0046044e+02
  -2.3384695e+02
   1.3272210e+02
   8.2949058e+01
   2.1469996e+02
  -3.3495426e+01
  -1.4272307e+02
  -2.7081492e+02
  -2.1799132e+01
   4.6063007e+01
   5.3766353e+01
   2.6713280e+02
  -1.4431990e+02
   2.2338563e+02
  -7.4107371e+01
  -1.8636026e+02
  -2.1204179e+02
  -1.2479992e+02
   1.7172863e+02
  -6.9044299e+01
   5.7803497e+01
   2.9716491e+01
  -2.1511776e+02
  -1.3097714e+01
  -5.7392616e+01
  -1.1734893e+02
  -1.4212701e+02
  -1.6269937e+02
   1.0860965e+02
  -7.0937749e+01
   2.0159803e+02
   5.8016159e+01
  -6.3605576e+01
   2.2508692e+02
   1.9540972e+02
  -2.5760488e+02
  -4.2107458e+01
   8.4507560e+01
   2.3752326e+02
   3.5537048e+01
   1.5308172e+02
  -1.6053976e+02
  -4.1314444e+01
   9.8023264e+01
   2.8872291e+02
  -3.6764786e+01
   9.0858159e+01
   9.8716144e+01
   1.5235203e+01
  -1.7542363e+02
   1.6399097e+02
  -2.2314125e+02
   3.1317692e+02
  -1.8884814e+02
  -2.0116970e+02
   2.2355046e+02
  -4.6097493e+01
   1.6517067e+01
   3.1942444e+02
   2.8041765e+02
   2.0338130e+01
   1.0891335e+02
  -2.1671250e+02
  -1.6938075e+02
  -4.1322032e+01
  -6.5578004e+01
   1.0143262e+01
   1.4477892e+02
  -1.3510462e+02
   9.7892171e+01
   1.9437823e+02
  -1.6522202e+01
  -1.0861246e+02
   3.1783794e+02
   1.8949562e+02
   9.8523738e+01
  -2.1715305e+02
  -1.3310518e+02
  -4.5859612e+01
  -8.8839434e+00
  -9.4474299e+00
  -7.7905053e+01
   2.9437500e+02
   1.9829456e+02
  -1.4094114e+02
  -3.8688270e+01
   5.8244196e+01
   8.4154699e+01
   9.2556190e+01
  -9.1835441e+01
  -2.0343457e+02
   3.0721439e+02
  -1.0948629e+02
   1.8845527e+02
   2.1901643e+02
   3.2198149e+02
   5.4769075e+01
  -2.1878563e+02
   1.9602127e+02
  -7.9750323e+01
   2.5395200e+02
  -6.0225601e+01
   1.5046372e+02
   4.9806713e+01
  -1.9481720e+02
  -5.4580715e+01
   4.6130919e+01
   3.2439819e+02
  -4.2538234e+00
   1.2892440e+02
   6.2733610e+01
   2.9197843e+02
  -1.5405660e+02
  -1.6675309e+02
  -3.9636930e+01
   6.3039064e+01
   4.0154228e+01
   1.0475517e+01
   2.9159697e+01
  -3.3013104e+01
   2.1319345e+02
   3.3905834e+02
  -9.8380471e+01
  -1.4992415e+02
  -2.3668201e+02
  -2.5173210e+02
   2.3243737e+01
  -2.4969245e+02
   3.2362855e+02
   1.6284350e+02
  -2.3761014e+02
  -2.1932054e+02
   1.9800834e+02
  -3.6720123e+01
   3.5542616e+00
   7.0232026e+01
   7.8263772e+00
  -1.3528321e+02
  -2.0590115e+01
  -1.6900526e+02
   7.5920466e+01
   1.0910192e+02
  -1.0639353e+02
  -1.3276891e+02
   6.2934418e+01
   1.5347291e+00
   1.9875836e+02
  -2.4365874e+02
  -2.3970299e+01
   9.3314267e+00
   3.5316501e+02
  -1.2135530e+01
   8.4122091e+00
   6.1198173e+00
  -8.9026802e+01
   2.1510930e+02
   1.6683620e+02
   6.2643967e+01
  -3.2885700e+02
   3.5459018e+01
  -2.1130299e+02
  -2.7379788e+02
   1.0425587e+01
  -1.7931544e+01
   1.3237662e+02
   9.5399705e+00
   1.8548626e+00
  -2.2126033e+02
  -3.3165284e+02
  -8.2193967e+01
   9.9794090e+01
   1.4682738e+02
   3.4459100e+01
  -6.0291795e+01
  -9.1652770e+01
   5.6194852e+01
  -4.5023590e+01
   4.8125987e+01
  -6.3644980e+01
   1.3101470e+02
   3.0127522e+02
   2.5207958e+02
   1.1418620e+02
  -2.4996905e+01
  -1.4033357e+02
   3.2486217e+02
  -4.0738310e+01
   1.1655654e+02
   5.8327926e+01
   5.0168693e+01
  -1.4937639e+02
  -2.0557054e+02
   1.6830824e+02
  -1.7760636e+02
   9.3548105e+01
  -1.2279304e+02
  -1.4486428e+02
  -2.6715415e+02
   1.2055768e+02
   2.1260547e+02
   2.5644591e+02
  -1.2718271e+02
  -1.0969777e+02
   9.9804660e+01
   5.7646465e+01
  -9.3516953e+01
   1.4101486e+02
   5.7368824e+01
   1.7795755e+02
  -8.9354324e+01
   6.5477144e+01
  -2.1415074e+02
   2.1640353e+01
   1.2190818e+02
  -2.1565327e+01
   1.7840320e+01
   2.2829270e+02
   7.8535474e+01
   6.2406652e+01
  -8.6805398e+01
   1.7971470e+01
  -1.1245518e+02
   1.8689699e+02
  -1.3106130e+02
   2.1445309e+02
  -4.0266995e+01
  -9.1695803e+01
   1.3342542e+01
  -3.3496292e+01
  -1.9374991e+02
  -1.4550552e+02
  -8.7431771e+01
   1.7862088e+02
  -1.8669336e+02
   3.0004041e+02
  -9.0828929e+01
   2.0795082e+02
   4.7315513e+01
  -2.4502281e+02
  -2.2795859e+02
   2.0676882e+02
   2.1220596e+02
  -1.6370377e+02
  -1.1843563e+02
   8.5778928e+00
  -2.4575622e+02
   8.7669478e+00
  -1.7700513e+00
   2.1682147e+02
  -5.4291746e+01
  -7.7688141e+00
   3.3542486e+01
   8.3996579e+01
   1.7835760e+02
  -7.5993968e+01
   2.2664157e+02
  -2.0543092e+02
   4.1339598e+01
   1.7448017e+02
  -2.2496806e+02
  -9.8451929e+01
   3.3074351e+01
  -1.8409311e+02
  -1.9456563e+02
   1.9298240e+02
  -2.8638844e+01
   3.5269498e+02
   2.4960848e+02
   1.1295242e+02
  -1.6700351e+02
   3.3447786e+02
  -4.5237139e+01
  -1.9802944e+02
  -1.4500026e+01
  -1.7023900e+01
  -1.9876385e+01
  -1.6136328e+02
  -4.7613330e+01
  -3.5666657e+02
  -1.3598220e+02
   2.1681116e+02
   2.8170790e+02
   3.9746059e+01
   3.6833710e+02
   4.9827762e+01
  -1.2726158e+02
  -1.0634091e+02
  -5.0412541e+00
  -6.5097158e+01
   5.7027917e+01
   3.3521334e+01
   1.4823544e+02
  -7.7324784e+01
  -1.0744207e+02
  -5.8089557e+01
   1.1539341e+02
   9.7679122e+01
   3.1502517e+02
   1.4018016e+02
   3.2350740e+02
   6.3857221e+01
   2.9543009e+02
   8.6770583e+01
  -1.2675073e+02
  -3.4911965e+02
  -1.2068541e+01
   8.0638190e+01
  -1.8393830e+02
   1.6848432e+02
   4.7114881e+01
  -1.7122329e+02
  -5.1391808e+01
   1.9548824e+02
   1.8007511e+02
  -5.7742852e+01
   1.1682580e+01
  -1.3680752e+02
  -7.7974236e+00
  -5.8000492e+00
   9.7451485e+01
   2.2466716e+02
   3.0281553e+01
   1.0305434e+02
  -2.2663857e+02
   1.6933825e+02
  -3.3658287e+02
   2.7829025e+02
  -2.1176123e+01
  -7.7804167e+01
  -2.9978201e+02
  -1.1846772e+02
  -1.2112791e+02
   4.5756405e+01
  -1.4480745e+02
  -9.9120454e+01
   1.6704726e+02
   1.4598982e+02
  -4.2352564e+01
   9.5048055e+01
  -1.3431903e+02
  -1.1623837e+02
   6.9412667e+01
  -4.7174695e+01
  -5.5953814e+01
  -9.3727472e+01
   3.4112995e+01
  -1.6094008e+02
  -2.4969260e+02
   2.6531785e+02
  -6.6194554e+01
  -2.1184650e+02
   1.8122036e+02
  -1.6332664e+02
  -8.2591052e+01
  -7.4638446e+01
   3.6461111e+00
   2.0295885e+01
   8.6872099e+01
   6.0885737e+01
  -1.9581387e+02
   5.3551274e+01
  -9.2620981e+01
   2.4442831e+01
  -3.1784481e+01
  -3.7868972e+01
   2.1549802e+02
   8.1003948e+01
   1.4878981e+02
   9.1301134e+01
  -3.9318526e+01
  -2.1492350e+01
  -2.0325058e+02
   1.4817001e+02
  -2.7591553e+02
   1.9691309e+02
  -1.6608885e+02
   2.2898909e+02
  -5.3477272e+01
   2.3637751e+02
  -2.2933766e+02
  -6.4547081e+00
  -9.0108990e+01
   1.9717809e+02
  -4.0569238e+01
  -1.5928323e+02
  -7.3837338e+01
  -1.0227662e+02
   3.5328613e+01
  -1.9874925e+02
  -8.5241627e+01
   4.6951145e+01
  -8.1682145e+01
  -2.7407174e+01
  -9.8395046e+01
  -1.8408959e+02
   1.3146712e+02
   2.9550249e+02
   2.5781617e+02
  -3.2584522e+02
   8.1046317e+01
  -2.0023315e+01
  -1.3113276e+02
  -1.2309819e+02
   1.7655468e+02
   2.6494871e+00
  -2.9932963e+01
   5.5267157e+01
   7.8836384e+01
   1.6570201e+02
  -1.4864921e+02
  -1.6106233e+01
  -1.5673997e+02
  -2.0220252e+01
  -2.3143527e+02
  -4.3576269e+01
  -8.7835650e+01
   2.5947671e+01
  -1.6632418e+02
   2.4623602e+02
  -4.8147171e+01
  -1.2971501e+01
   9.6891292e+01
  -5.1149835e+00
   2.1704814e+02
  -2.7513346e+02
  -1.3178412e+02
   2.1618108e+02
  -2.8306020e+01
  -1.6318103e+02
  -5.8311683e+01
  -3.8657375e+01
  -1.4678735e+01
   2.3815136e+01
  -2.9532830e+02
  -2.1002810e+02
   1.2075373e+02
  -1.0740844e+02
   7.6488706e+01
   3.2778075e+01
   3.1700343e+02
   4.6388663e+01
  -9.5809873e+01
   2.7668069e+01
   1.2288684e+02
  -1.0400579e+02
  -1.0254295e+02
  -1.2026367e+02
  -1.1982435e+02
   2.4119949e+02
   1.1227478e+01
  -2.5788812e+02
  -1.3130622e+02
  -9.2445004e+01
   9.0832419e+00
   1.3499811e+02
   6.1105320e+01
   8.9386334e+01
  -1.2936493e+02
   2.0652935e+02
  -1.5626261e+01
  -9.3149015e+01
   1.8765192e+02
   1.0472061e+02
   8.6098105e+01
  -7.7888803e+01
   8.4441436e+01
   9.3619347e+01
   9.0991872e+01
   7.0773293e+01
   1.4246393e+02
  -1.9611450e+02
   5.7481330e+01
  -1.3422034e+02
   8.8260384e+01
   2.6321262e+02
  -2.7360693e+01
   1.7508577e+02
  -2.4698590e+02
   3.7130879e+02
  -1.5439793e+02
  -3.6964047e+01
   1.3124078e+02
  -5.6026923e+01
   4.1814464e+01
  -9.1101550e+01
   9.6447147e+01
   3.6224103e+02
  -1.3215044e+02
  -2.2626767e+02
  -8.7859355e+00
  -7.1195332e+01
  -2.1716715e+02
   2.7710323e+01
  -1.4121747e+02
  -1.6280170e+02
  -2.0041137e+02
   4.9178383e+01
   1.6877802e+02
  -3.6323660e-01
  -2.1671525e+02
  -1.0339553e+01
  -9.2169068e+01
   1.6442223e+02
   1.5350653e+02
  -1.6689973e+02
  -1.5441366e+02
  -4.0566197e+01
  -2.5059186e+02
  -1.6688916e+02
  -2.6066431e+02
   3.2154740e+02
  -1.6637498e+02
   1.8120141e+01
   5.5601731e+01
  -1.4763698e+02
  -1.9529798e+01
   1.6199005e+01
   2.9663116e+02
   1.3959909e+02
   2.8001207e+01
   1.8067383e+02
  -2.4788353e+02
   6.8893618e+00
  -1.7970736e+02
  -1.6877532e+02
   1.3311667e+01
   7.5575060e+00
   2.1077056e+01
  -1.2910740e+02
   2.1092258e+02
  -2.3868878e+02
  -1.3349972e+02
   2.7239696e+01
  -7.7219503e+01
  -1.5894983e+02
  -1.9606164e+02
  -1.4161249e+02
   5.1951627e+01
   1.3160332e+02
   8.4562219e+00
  -1.9432072e+02
   7.5952019e+00
   9.1717962e+01
  -1.6634472e+02
   2.6052566e+02
   6.2648645e+01
   1.7949672e+02
   1.7995243e+02
  -7.1827105e+00
   8.9963930e+01
   1.1481788e+02
   7.9510825e+01
  -1.2946423e+01
   3.7341983e+01
   1.3447940e+02
   1.3149122e+02
   2.2907739e+02
   6.0773039e+00
  -2.4998248e+02
   1.9735565e+02
  -6.4549679e+01
   2.4591738e+02
  -1.8111764e+01
  -3.9792299e+01
  -2.7100623e+02
  -2.0718336e+02
  -1.3506682e+00
   2.2768300e+02
  -2.0429179e+02
  -1.8811955e+01
   2.5688794e+01
   1.5949222e+02
   8.6277125e+01
   1.4875678e+02
   2.0033884e+02
   7.2095617e+01
  -6.2650474e+00
  -7.7130869e+01
   1.2691380e+02
  -9.2321653e+01
  -1.5309057e+02
   1.4087326e+02
   9.1735558e+01
  -1.8394583e+02
  -2.5439484e+02
  -5.5003751e+01
   2.1460210e+02
   1.8918911e+02
   2.8896865e+02
   2.1753919e+02
  -4.2281987e+00
   5.5373036e+01
  -3.4897962e+02
   9.6529317e+00
  -4.9099079e+01
  -4.5972715e+01
   7.5859812e+01
   9.9388674e+01
  -2.4527906e+02
   1.1991590e+02
   5.2744338e+01
  -1.7772557e+02
  -2.8702641e+02
   2.3620804e+02
   1.0035042e+02
   2.3989339e+02
   1.1160690e+01
  -8.6876547e+01
  -3.8744916e+01
   1.6843935e+02
   2.5474188e+02
   3.5793258e+01
   5.8689139e+01
  -1.5147999e+02
  -8.0550522e+01
  -7.1477524e+01
   1.5169111e+02
   9.7017374e+01
   3.7007396e+01
   6.9159654e+01
   2.1408857e+02
   1.4906682e+02
   7.8197374e+00
  -1.6294778e+02
   1.5698001e+01
   2.0221140e+02
   1.7695743e+01
  -1.7323058e+02
   2.9730680e+02
  -2.3801999e+02
  -5.6719849e+01
  -2.1983126e+01
  -6.0420715e+01
   4.0596406e+00
   7.0279642e+01
   6.5843941e+01
  -3.4926408e+01
  -9.7568634e+01
   1.8879972e+02
   2.0679984e+02
  -5.6829867e+01
   2.7139235e+02
   6.6174107e+01
   9.9168341e+01
  -2.2045199e+02
   6.1207953e+01
  -1.9146185e+02
   2.0199447e+02
   1.5611662e+01
  -3.4908007e+01
  -1.0001164e+02
  -1.0038352e+01
   9.9058676e+01
  -5.3268746e+01
  -1.3366082e+02
   1.9670360e+02
   3.2455778e+02
  -9.1538794e+00
   3.3015133e+02
  -9.1944157e+01
   6.1537749e+01
  -7.9881277e+01
  -2.2003698e+02
  -1.1011172e+02
  -1.0123749e+02
   4.1176612e+01
  -1.7276024e+00
   2.0472052e+02
  -1.0695712e+02
  -1.1803660e+02
   2.7371567e+02
  -6.2801318e+01
  -4.6405276e+01
   2.1919706e+02
   1.6305671e+02
   1.0854768e+02
  -1.8374160e+02
  -1.3733254e+01
  -1.4919416e+02
  -4.1532778e+00
   1.1653066e+02
  -1.7596551e+01
   1.9794400e+00
  -8.8109410e+00
   1.5390023e+01
  -3.8773531e+01
   1.8836420e+02
  -2.4891389e+01
   1.2319697e+02
   1.8321383e+02
  -1.9768979e+02
  -4.4504171e+00
   3.3473488e+01
   1.1812651e+02
   1.5184402e+02
  -6.5042956e+01
  -9.7412812e+00
  -3.3251809e+01
   1.6055365e+02
  -1.8475110e+02
   2.1999506e+01
  -6.5189252e+01
  -6.2341537e+01
  -2.4018894e+02
   8.9214450e+01
   8.2052120e+01
   1.5652155e+02
  -3.6850472e+00
   2.8066578e+02
  -1.0426414e+02
   3.8924756e+01
  -1.4647618e+01
  -2.1431693e+02
   4.2646964e+01
  -2.1912990e+02
   9.8230388e+01
  -5.6134861e+01
   6.6889259e+01
  -9.0169323e+01
   7.2423900e+01
   2.0934288e+02
   9.2031335e+01
  -4.8510009e+01
   1.1898955e+02
  -2.4435454e+01
   5.0273736e+01
   2.0026075e+01
   2.0430728e+02
  -1.1515742e+02
   7.9085565e+01
   7.2957899e+01
   1.1654443e+02
   9.2856697e+01
  -6.2102765e+01
   7.7181747e+01
   1.1316788e+02
   1.3884813e+02
   2.0408421e+02
   6.3518017e+01
   3.0002179e+02
  -1.7658554e+01
  -3.1655872e+02
   3.4409598e+01
  -2.9288304e+02
   2.5542942e+02
  -1.9948418e+02
  -2.1235505e+02
   1.6829543e+01
  -4.5106221e+01
  -1.1037514e+02
  -7.3699978e+01
  -2.8673774e+01
   8.2094593e+00
  -7.9946323e+01
   2.2020638e+00
   8.9041443e+01
   3.2732947e+02
  -1.0977262e+02
   6.1572801e+01
   1.0037523e+02
   4.6175075e+00
   1.3722861e+01
  -6.5606822e+00
  -3.3323704e+01
  -1.3514846e+02
   2.6035994e+02
   3.9551570e+01
  -9.5616886e+01
   7.8321063e+01
   1.7032035e+02
   1.0188661e+02
  -1.3541883e+01
   3.8937934e+01
   1.0526767e+02
   1.4310970e+02
   1.9190192e+01
  -2.3817583e+00
   5.7130701e+00
  -2.3354871e+01
  -2.0822993e+02
  -2.7566386e+00
   4.4325069e+01
  -2.0777594e+02
  -2.9889333e+02
   2.5820570e+02
   2.6292861e+01
  -3.0547795e+01
  -2.2036951e+02
   1.6479438e+02
  -1.1675069e+02
   2.9496709e+02
  -2.8006385e+00
  -1.7561289e+01
  -1.3181782e+02
  -1.8296544e+02
  -1.2971984e+02
  -1.7396352e+01
   1.6574298e+02
  -9.2261072e+00
   7.9761104e+00
  -4.3758744e+01
  -4.0839817e+01
   2.9279624e+02
  -1.9445701e+00
   8.8905196e+01
  -1.8784854e+02
   7.8538569e+01
   2.9784686e+02
  -1.8006951e+02
  -1.8854087e+02
  -2.1819343e+01
  -1.6895878e+01
   2.7910334e+02
   2.0475995e+02
  -2.7244273e+02
   1.2555693e+02
  -2.1139394e+01
   1.6301263e+01
   1.5168464e+02
  -1.8986358e+02
  -2.2906124e+02
  -1.2096297e+02
   2.5367884e+02
  -3.2006931e+02
   1.3542777e+02
   3.8410854e+01
  -2.5968922e+02
   2.3995608e+02
   1.7835002e+02
   1.2544024e+02
   2.4442332e+02
  -2.2717226e+02
  -3.2310569e+01
  -7.6180701e+01
   8.3384531e+01
  -6.9205237e+00
   1.9412159e+01
  -9.9652502e+01
   6.7880463e+01
   4.8581215e+01
   4.5960585e+01
  -1.2344159e+02
   1.4935598e+00
   8.9327695e-01
   3.3986725e-01
  -2.9542691e+01
   2.1560348e+01
  -6.1289694e+01
   6.0428553e+01
  -6.4919193e+01
   8.1478849e+01
   1.5467225e+02
  -1.6921671e+02
   1.7666070e+01
   2.7471715e+02
  -8.6852770e+01
   1.7524525e+02
  -1.1480995e+01
   9.1245025e+00
  -1.1421908e+02
   2.4804911e+02
  -1.8275288e+01
  -8.9165961e+01
   9.1623798e+01
   1.7643896e+02
   1.3145527e+02
  -1.1069303e+02
   2.8132680e+00
   5.4849512e+01
  -6.5302539e+01
  -1.2775890e+02
   7.2517425e+01
   4.6739474e+01
  -2.5770397e+01
  -2.8300672e+01
   4.5656565e+01
   1.3711784e+02
  -1.9955444e+02
   5.2765982e+01
   1.1714015e+02
  -2.5560843e+02
  -5.7779568e+01
   1.9362306e+02
  -1.0114486e+02
  -9.3990361e+01
  -2.9607876e+01
   1.6569657e+02
   3.8099738e+01
  -2.0666511e+02
  -5.5783703e+01
   8.8157146e+01
   2.8852581e+02
  -2.0644409e+02
  -9.2627314e+01
   2.4988627e+02
   1.6754098e+02
   7.6737738e+01
  -3.7014526e+01
   1.5200857e+02
  -1.3300017e+02
  -3.2754767e+01
  -1.1232558e+01
  -3.4155821e+01
  -2.9121360e+01
   9.8864159e+01
   9.3116810e+01
  -7.7996000e+00
  -2.4372610e+02
   3.4053024e+01
  -2.8604753e+02
  -1.4302439e+02
   3.0419834e+01
  -9.5522724e+00
  -3.8574798e+01
   3.1289037e+02
   8.6444216e+01
  -4.6707002e+00
  -4.8749090e+01
   4.6698379e+01
   1.4395391e+02
   2.9653537e+01
  -1.1862413e+01
  -1.3092715e+02
   5.6755578e+01
   1.4457091e+02
   2.6185562e+01
   1.9810942e+02
   2.2814024e+02
  -1.4371768e+02
   2.6306864e+02
  -2.5818800e+01
   8.2932730e+01
   5.1321089e+01
  -2.6057569e+02
   2.8440752e+01
  -2.5804508e+02
   1.8153410e+02
   1.0095428e+02
  -9.2919033e+01
   7.3743289e+01
   1.1666558e+01
   2.2337918e+02
  -3.3000269e+02
  -2.0199720e+01
   3.1674969e+01
   4.1065039e+01
  -8.0432701e+01
   3.6098084e+01
   2.9506684e+01
   1.1933706e+02
  -4.9534986e+01
  -1.2023005e+02
  -2.7687005e+01
   1.6557330e+02
   2.1712977e+01
   1.0258105e+02
   5.0208510e+01
   1.0880768e+01
   5.1892259e+01
   9.2861428e+00
  -3.3952523e+02
  -1.7499746e+02
  -1.9614911e+02
   1.3709648e+02
  -2.8757208e+02
  -1.3982967e+02
  -3.3249469e+01
  -1.3051982e+02
  -2.8603107e+02
  -1.5384697e+02
  -1.9809530e+02
  -6.4247837e+01
  -1.6644191e+02
  -1.6489992e+02
  -1.7793104e+02
   3.4477006e+01
  -7.1821363e+01
   5.7068763e+01
   1.7928245e+02
  -9.9606315e+01
  -5.3529395e+01
   4.3272153e+01
   3.2084903e+02
   8.1105611e+00
  -1.5436594e+01
   2.4992657e+02
  -8.6196284e+01
   2.6653278e+01
  -1.8164767e+02
  -7.6062333e+00
   1.6935695e+01
  -5.2597799e+01
   1.0773476e+02
  -1.3698014e+02
   2.5438206e+00
   1.3811846e+02
  -6.0682095e+01
   9.7220118e+01
   1.0501979e+02
  -1.7400255e+01
  -4.0401080e+01
   6.2870628e+01
   2.4139497e+02
   5.9610903e+01
  -2.8704090e+02
  -1.2569969e+02
   1.1184666e+02
   4.9208368e+01
  -1.0133467e+02
   2.4348751e+02
   1.2606285e+02
   1.2411751e+02
  -6.9865170e+01
  -9.5517621e+01
   1.2101416e+02
   4.5208183e+00
   2.7305970e+02
  -2.2311127e+02
   2.4649717e+02
  -2.4166011e+02
   1.6885397e+02
  -1.6395456e+02
   2.5515330e+02
   1.6530817e+01
   2.2727707e+02
  -2.7411862e+02
  -1.4024110e+02
  -1.2144145e+02
  -1.3426470e+02
   7.6638564e+01
  -1.0757311e+02
   1.2280455e+02
   2.1333572e+02
   6.8891098e+01
  -1.2275732e+02
   2.2976301e+01
   8.8233026e+01
  -2.1473435e+02
  -2.4929085e+01
  -2.4667468e+01
  -2.5304865e+02
  -2.3802442e+02
   2.1367735e+02
   2.3137449e+02
   2.7798056e+01
   9.3700406e+01
   1.9613512e+02
   5.7055381e+01
   1.5827897e+01
  -1.0589506e+02
   4.8799171e+01
  -2.8953124e+02
   2.4477816e+01
  -5.4178803e+01
  -5.5887287e+00
   3.9889475e+01
  -3.2705603e+01
  -1.6698602e+02
   2.0984489e+02
   4.0519789e+01
   1.7894593e+01
  -1.0712159e+02
   1.2531729e+02
  -2.5606902e+01
   3.2315971e+02
   1.5464433e+02
   4.0418899e+01
  -2.5733399e+00
   9.7278758e+01
  -1.8601822e+02
  -5.7911138e+01
   9.7955051e+00
   8.4233238e+01
  -3.0460656e+02
   2.2043722e+01
  -9.3424021e+01
   2.2330240e+02
  -2.8259529e+02
   1.7575757e+02
  -3.2333255e+02
   4.0391067e+01
  -1.1484589e+02
   2.9318470e+02
   1.6786697e+02
   7.9155498e+01
   1.5260768e+02
   1.5007151e+02
   5.3368666e+01
  -5.7081922e+00
   2.5428808e+02
  -2.7094658e+02
  -1.0547777e+01
  -6.4837540e+01
   2.3185425e+02
  -6.8717262e+01
  -9.7651777e+01
   9.4837753e+00
   5.3853491e+01
   8.5255673e+01
  -3.0976331e+01
   1.8973170e+02
   2.3715558e+02
  -8.9783862e+01
   5.4046671e+01
   8.1899929e+01
  -6.0945286e+01
   1.0778349e+02
   1.4470732e+02
   1.5440727e+02
  -1.8220339e+02
   1.4746288e+02
  -4.2759347e+00
  -1.0579450e+01
   1.5007122e+02
  -4.9763926e+01
   1.4389670e+02
   3.0388023e+02
   1.2793636e+02
   1.6566854e+02
  -2.0412821e+02
  -2.1087555e+00
  -4.0014391e+01
  -1.6112108e+02
   8.1592062e+01
  -7.3774904e+01
   1.3886077e+02
   2.8459302e+02
  -7.3510770e+01
   4.2203716e+01
  -1.8716022e+00
   8.2179501e+01
  -1.7735213e+02
   2.1587083e+02
   1.7295467e+02
  -2.2110856e+02
   9.7253411e+01
   7.5482113e+01
  -3.0626249e+02
  -1.4476562e+02
   2.6768417e+01
  -8.6683494e+01
  -9.4340598e+01
  -7.5404693e+01
  -2.0347391e+02
   1.6415962e+02
   3.0072066e+02
  -1.3756132e+02
   1.2052961e+02
  -7.5903593e+01
  -5.7392658e+01
   1.2449714e+02
   2.9507802e+01
   2.1674291e+01
  -5.1426585e+01
  -1.3280460e+02
  -5.3695386e+01
  -1.0829366e+02
  -2.1271033e+01
  -1.0828027e+02
   1.5932820e+02
  -7.3434555e+01
   5.8339977e+01
   2.9197396e+01
   2.0534036e+02
  -1.0718204e+02
   1.8142524e+02
  -2.8981256e+02
  -1.2343455e+01
   4.4305474e+01
   1.7194467e+01
  -2.5231250e+02
  -1.7741094e+02
  -1.5979997e+02
   3.3671341e+02
   1.6169671e+02
   1.8963129e+02
  -5.6400812e+01
   1.2357999e+02
   1.7858342e+00
   9.3981664e+01
   1.4676477e+02
  -2.6192877e+02
   2.1685061e+01
  -2.1719752e+02
  -4.0378783e+01
   9.3946314e+01
  -1.1054366e+02
   5.7987783e+01
   1.9847108e+02
   2.2902532e+02
   2.4823403e+01
   6.5661911e+01
   2.9904296e+01
   8.1312920e+01
  -1.6248220e+02
  -1.6437604e+02
  -1.5965976e+02
   2.6025093e+02
   5.4743885e+01
  -2.5739993e+02
  -1.3312318e+02
  -6.2296255e+01
  -2.4169631e+01
  -6.7305894e+01
  -3.7727941e+01
  -2.1398408e+01
   1.1842507e+02
  -2.4906282e+01
   1.0736014e+02
  -1.0701366e+02
  -6.6745068e+01
  -3.4160280e+02
   2.6881232e+02
   2.1325935e+02
  -2.4804357e+02
   2.3293021e+02
  -3.0605447e+01
   2.7528146e+02
   4.9625518e+01
  -4.4459158e+01
   2.8649498e+02
  -1.3365764e+02
  -3.9556701e+01
   1.0134601e+02
  -1.3050765e+02
   1.8537023e+01
  -4.9086097e+01
   2.3760525e+02
   1.6886333e+02
  -2.0968303e+02
  -8.9481436e+01
   1.0408811e+02
   3.4285239e+02
   1.4575543e+02
  -2.7970107e+02
   3.0892817e+02
  -1.8679808e+02
  -1.2982547e+02
   1.4326026e+01
  -2.1720972e+02
   2.6461125e+02
   1.0668036e+02
   1.9004544e+02
  -1.7017775e+02
   1.2805376e+02
   1.9719430e+02
   2.0810526e+02
   2.6376260e+02
  -1.1995451e+02
   2.3461046e+02
   2.8976959e+02
  -6.0620884e+01
   2.9293041e+01
  -5.0755514e+01
   2.1897155e+02
  -6.2684421e+01
   2.6492975e+02
  -6.6341042e+00
  -3.1433882e+01
   6.9240476e+01
  -3.3222865e+01
  -8.9841444e+01
  -3.0883903e+01
   1.0947565e+02
  -2.9654843e+02
  -1.4549071e+02
   1.6461287e+01
   1.1546403e+02
  -1.8873126e+02
   8.7804600e+01
   2.2973361e+02
   2.1269078e+02
   1.8000831e+02
   2.1861142e+02
   1.3918498e+02
   1.1698988e+02
  -3.8667545e+01
   4.1890171e+01
  -2.4420829e+01
  -1.7139346e+02
   1.7814087e+02
   1.7773767e+01
  -1.6024712e+02
  -9.5981169e+01
  -9.0002582e+01
  -2.3757886e+01
   6.5190696e+01
  -1.3338687e+02
  -1.8658355e+02
  -1.5610146e+02
  -1.0817211e+01
  -1.7980452e+01
   5.3828357e+00
  -1.8316905e+02
   8.6393405e+01
  -9.7246452e+01
  -1.0095344e+02
  -2.5704345e+02
  -1.5184354e+02
   1.0020408e+01
  -2.5405921e+01
  -1.1824482e+02
  -7.5062460e+01
  -7.8186191e+01
   1.2520069e+02
  -1.9654257e+02
   2.3769457e+02
   2.6871470e+02
  -1.0997632e+02
  -1.1022521e+02
   1.7969099e+01
   1.8020232e+02
  -7.1445975e+01
  -1.2661131e+02
  -1.0556416e+02
   2.3308435e+01
  -3.8162410e+01
   8.2733264e+01
   1.0130513e+02
  -8.1579970e+01
   3.0458276e+02
  -3.8994515e-01
  -3.1190551e+01
   2.4835174e+02
  -5.4452634e+01
   1.1469188e+02
  -2.3399708e+01
   1.6533055e+01
   4.8620849e+01
   1.3358412e+02
   1.5087794e+02
  -3.1882941e+01
   2.3000697e+02
   6.1120356e+01
  -4.0468645e+01
  -6.3103267e+01
   1.6882609e+02
   1.2739749e+02
  -1.3676889e+01
  -8.6910742e+01
   2.9524603e+01
  -1.3282425e+01
   3.0485760e+02
   1.4106190e+02
  -2.8989866e+02
  -1.4240229e+02
   3.1154196e+02
  -1.5204192e+01
   3.0979565e+02
   2.3715165e+02
  -7.7958382e+01
   2.8338004e+01
  -2.8906644e+02
  -2.2875065e+02
  -2.2825330e+02
  -1.0077742e+02
  -1.4426587e+02
  -6.9420082e+01
   1.2314024e+02
  -2.0865365e+02
  -1.5723857e+02
  -1.4923578e+02
   1.7605449e+01
   9.0416198e+00
   1.0885864e+02
   6.9367085e+01
   1.0913276e+02
  -2.0742047e+02
   5.0661420e+01
  -6.1906052e+01
  -1.4506832e+02
   9.7771083e+01
   1.1765449e+02
  -7.6605301e+01
  -4.8890341e+01
  -9.0446470e+01
   5.8079040e+01
  -3.0423973e+01
   1.3698220e+02
  -1.9064298e+02
  -4.2146175e+01
  -3.4647732e+02
   9.8911358e+01
   1.6219836e+02
  -5.5899783e+01
  -8.7105048e+01
   2.2242982e+02
  -5.6933890e+01
   2.6030403e+01
  -2.8084371e+02
   1.9347344e+00
   1.6311430e+02
   3.3764390e+01
   4.0488515e+01
   1.7310313e+00
   1.1081055e+02
   7.2136873e+01
   5.9224042e+01
   7.4967119e+01
   9.0055675e+01
  -3.8835142e+01
  -5.9844737e+01
  -1.0505120e+02
  -2.6162194e+02
   4.9062266e+01
   1.1668646e+02
   2.0342963e+02
  -1.7931911e+02
  -6.0836756e+01
  -2.6249460e+02
  -1.7768436e+02
  -1.4448648e+02
  -2.6489489e+02
   1.0311593e+02
  -4.1909005e+01
   6.4422401e+01
  -7.0395544e+01
  -1.1708699e+02
   7.9199192e+01
   4.9680577e+01
   2.1953304e+02
  -1.8470306e+02
  -1.5370994e+02
   2.7431736e+01
  -8.0612563e+01
   1.5222598e+02
   1.1521183e+02
  -1.1513091e+01
   2.9731297e+02
  -1.5053825e+02
   1.4166863e+02
   1.1063977e+02
   1.0665173e+02
  -3.3131225e+01
  -2.1141823e+02
   1.9073058e+01
  -1.7416047e+02
  -3.1937565e+01
   5.1815690e+01
  -1.6594253e+02
   2.9268926e+02
  -6.2520712e+01
   2.0579464e+02
  -6.0622275e+01
   2.8103892e+02
  -3.6234190e+01
  -9.2790875e+01
  -3.3040130e+02
  -8.8339705e+01
  -2.0501642e+02
   1.4154065e+01
  -2.2276760e+02
  -1.0610446e+02
   9.4410799e+00
  -8.0880764e+01
  -1.3400751e+02
  -2.6546334e+02
   1.4595528e+02
   1.4009733e+02
   2.0119386e+02
   9.2803589e+00
  -2.9402613e+02
  -1.6962916e+00
   3.6714668e+01
  -4.8759175e+01
   2.8844903e+02
  -1.1270112e+02
   8.0641898e+00
   1.6080366e+01
  -1.5459498e+01
  -1.6533920e+02
  -3.9348668e+01
   6.0621065e+01
  -1.9618930e+02
   6.8141418e+00
  -2.3567644e+02
  -4.6765201e+01
  -2.2478618e+02
   2.1456987e+01
   5.4383198e+01
   7.6238755e+01
  -1.4373888e+02
  -7.5010099e+00
   1.0740284e+02
  -1.4961794e+02
  -2.6370844e+02
  -5.0009609e+01
  -1.9186773e+02
   2.2392572e+02
  -2.2323090e+02
  -1.0839183e+02
  -1.2405047e+02
   2.9758268e+02
  -2.8558889e+02
   1.3199940e-01
   7.8566832e+01
  -3.3347812e+02
   1.3376562e+02
  -1.5156237e+02
   8.3142041e+00
   1.8666019e+02
  -2.0453725e+02
  -8.2751385e+01
  -1.3168295e+02
   1.4032521e+01
   3.5171190e+01
  -2.2028048e+02
  -2.6717905e+02
  -2.9253741e+02
   2.4233119e+02
   7.1510086e+01
  -2.4304403e+02
   4.3145351e+01
  -2.1459257e+02
   2.1555144e+01
   1.1916779e+02
   4.7341462e+01
  -9.7319195e+01
   2.5756647e+02
   2.2193223e+01
  -3.0478546e+02
  -1.4864749e+02
  -1.1596343e+02
  -4.6841354e+01
   1.5485454e+01
  -1.9196126e+02
  -1.0749642e+02
   2.4623363e+01
   1.8074491e+02
   2.1462876e+02
  -1.1264930e+02
   1.8587592e+02
  -2.5386652e+01
  -1.8728190e+02
  -4.5632679e+01
   1.2143509e+02
  -8.9758406e+01
   7.6450915e+01
   2.8846967e+02
   8.2238982e-01
   3.6938990e+01
  -7.9224764e+01
  -1.0126062e+02
   1.8779280e+02
   3.8480859e+01
  -8.8627049e+01
   2.0070822e+02
   2.5876357e+02
  -2.4332371e+02
   9.6143034e+01
   2.7680896e+02
  -3.4586187e+02
   3.2815450e-01
   2.3142942e+02
   5.0410397e+00
  -2.4759447e+02
   6.8552810e+01
   7.6918479e+01
  -2.4834603e+02
  -2.2195027e+01
  -1.1516703e+02
   2.4215332e+01
  -2.3185826e+02
   3.2488700e+02
  -4.6486829e+01
  -6.1578891e+01
   6.8569300e+01
  -7.8167852e+01
  -7.3507072e+01
  -5.5608506e+01
  -1.6946206e+02
   3.0414991e+02
  -2.5203265e+02
   2.5672487e+02
   1.3033752e+02
   2.0011991e+02
   2.1276633e+02
  -7.0859257e+01
   1.2756896e+02
  -9.7845433e+01
   1.9662367e+02
  -1.6241474e+02
  -3.0564911e+01
  -2.6440036e+02
  -4.3552832e+00
  -2.1266079e+02
  -5.9217192e+01
  -9.2720761e+01
  -4.2789510e+01
   4.4237292e+01
  -9.2954011e+01
  -3.4951497e+02
   3.0323544e+02
   1.0501909e+02
  -1.1582790e+02
  -5.5005435e+01
   1.1709668e+02
  -1.0556121e+02
   1.1964594e+01
   9.2556476e+01
   1.0528500e+02
   1.0122809e+02
   1.4975516e+02
  -1.7380822e+02
  -4.9037800e+01
  -7.8447807e+01
   2.4932685e+02
  -9.5457310e+01
  -6.5008444e+01
   1.3267879e+02
   2.0027695e+02
  -1.9426637e+02
  -6.5047046e+01
   6.7010073e+01
  -2.7922789e+02
   2.0739327e+02
   1.0001816e+02
   1.5351430e+01
  -1.8683826e+02
   2.3594783e+01
  -8.6102928e+01
   1.0573003e+02
   3.4710249e+01
  -1.5685599e+02
  -3.3064477e+01
   2.8733010e+01
  -1.0637211e+02
   1.7247949e+02
  -2.5666771e+02
   1.2144876e+02
  -1.2767147e+01
  -1.7042563e+02
  -2.7843359e+02
   1.5374351e+02
   1.1162851e+02
  -2.2193191e+01
  -2.4734356e+02
  -1.4619797e+02
  -1.6316349e+02
  -5.2261730e+01
  -1.9215364e+02
  -1.5218904e+02
  -9.4612497e+01
  -1.5322159e+02
  -7.2453750e+01
  -2.6127127e+02
   2.6517186e+02
   7.0348180e+01
   6.5311724e+00
   2.3250387e+02
  -1.5272122e+02
  -5.7307610e+01
   3.1889044e+02
   2.3713666e+02
   7.0668592e+00
  -2.2728437e+01
   1.2961095e+01
   2.2357261e+00
   2.9148178e+01
  -2.1787203e+02
   2.2607530e+02
  -2.0498288e+01
   1.0156404e+02
  -1.1505133e+01
   1.4161635e+02
  -3.0224295e+02
   6.9164558e+01
  -2.9956139e+01
   6.8922254e+01
   2.6904448e+00
   1.5075344e+02
  -3.3526999e+02
  -1.9288531e+02
   1.4892403e+01
   2.3873467e+02
  -7.9286549e+01
  -1.0032124e+01
  -1.7897284e+02
  -3.0027877e+01
  -4.4997165e+01
   2.0645981e+02
  -1.3447762e+02
  -1.5610457e+02
  -2.2894192e+01
  -2.4406247e+02
  -1.4406442e+02
  -1.4868708e+02
  -1.6604352e+02
  -2.5043945e+02
   2.0090966e+02
   2.6892382e+02
  -2.5031016e+01
   2.0343041e+01
   1.4465634e+02
  -1.4908845e+01
  -2.5042780e+01
   6.9339027e+01
   1.6333291e+02
   5.5379033e+01
   2.4417557e+02
   3.2870326e+01
   2.8418689e+02
  -6.9898989e+01
   1.8583659e+01
   5.5886848e+01
  -2.2861303e+02
  -2.0365765e+02
  -1.4776208e+00
  -1.2087490e+02
  -3.2563867e+02
  -1.4982025e+02
   1.4526423e+02
   8.8684396e+01
   5.5948512e+01
  -8.3773988e+00
   3.0443430e+01
   2.5842914e+02
   9.6081592e+01
   2.5335186e+02
   5.5850509e+01
   4.3726112e+01
   1.2672634e+02
  -7.1793214e+01
  -1.4542760e+02
  -7.2978317e+00
  -1.4295683e+02
   2.3371153e+02
  -2.8462913e+02
  -1.8900955e+01
  -2.8789079e+01
  -5.2865614e+01
   1.0223276e+01
  -2.5326556e+01
   3.3986348e+02
   9.1409485e-01
   1.3423020e+02
   3.0988303e+01
   8.1718664e+01
  -2.6001029e+02
   1.9487799e+02
   2.1529749e+01
  -1.7161751e+02
  -8.4523478e+00
  -1.0124090e+02
   1.2642442e+02
   7.6194967e+01
   2.5712300e+02
   7.4263729e+01
  -1.9456190e+02
   2.2987519e+01
  -2.0915246e+02
   3.3713847e+00
   1.6448361e+00
  -1.6994209e+02
  -9.7711006e+01
  -2.9900996e+01
   9.7118991e+01
   1.3070095e+02
   1.0429217e+02
   2.6117238e+02
  -1.4582108e+02
   9.8126469e+00
  -1.2810979e+02
   1.5521514e+02
  -2.6268108e+02
   2.8401602e+01
  -1.0459671e+02
  -1.3566547e+02
  -1.4334000e+02
  -1.8523262e+02
   9.1088033e+01
  -6.6770265e+01
  -7.3869928e+00
  -1.1446229e+02
   5.3224804e+01
   1.2173458e+02
   8.0197972e+00
  -1.0879081e+02
  -6.8310559e+01
   1.5871454e+02
   3.3253962e+01
  -2.3276079e+02
  -1.6705702e+02
   2.9318436e+02
  -1.2562776e+02
   1.0278791e+02
   2.1414945e+02
  -1.1698077e+02
  -1.8049263e+02
   2.0361983e+02
   1.5657026e+02
   5.1333825e+01
  -2.9692234e+02
   1.1475343e+02
  -8.7667581e+01
   1.1406505e+02
   4.2779088e+01
  -3.3761196e+02
   7.7211875e+01
  -1.2922327e+02
  -3.1524578e+00
  -7.2942569e+01
  -2.0869745e+02
   2.3928429e+02
  -1.5603032e+01
   3.0756817e+02
  -9.3266568e+01
  -3.4219634e+02
  -2.0384379e+02
   1.5273134e+02
  -1.8245119e+02
  -2.7098250e+01
   1.0482595e+01
   1.2800678e+02
  -2.9284064e+02
  -1.1587575e+02
   2.5278977e+02
   2.0281999e+01
   4.1795731e+01
  -2.6610069e+02
   2.5863923e+01
  -2.8923499e+00
   4.0632156e+01
   3.3152326e+01
  -1.8062976e+02
  -2.2541745e+02
  -3.0276320e+02
   1.2803296e+02
   9.9906538e+01
   7.7312671e+01
  -3.0493339e+02
   1.3965166e+02
  -7.7688644e+01
  -9.3490280e+01
  -1.5315117e+02
  -5.9277747e+01
   1.1564972e+02
   2.4497199e+01
  -1.8704627e+02
   1.5693440e+02
  -6.5023644e+01
  -1.9566825e+02
  -7.3254418e+00
  -9.3382450e+01
   1.8189591e+02
  -5.7858110e+01
  -2.4341049e+02
  -1.4328666e+02
   4.6901325e+01
   3.2965813e+01
  -8.1525319e+01
   3.3389686e+01
   1.9410927e+02
   3.0125747e+01
   1.5812842e+01
  -1.1355877e+01
   2.7163173e+02
   9.4356966e+01
  -1.2370895e+02
  -9.6194244e+01
  -1.9207102e+01
   1.4997424e+02
  -2.0929208e+01
   7.7328140e+01
  -3.0919690e+02
  -1.2374940e+00
   2.7393155e+01
   7.6851110e+01
   2.3717483e+02
   9.0564870e+01
  -1.8743562e+02
  -1.7146836e+02
   2.2949018e+02
  -1.3190587e+02
   1.1841822e+02
   4.4064657e+01
   1.1771731e+01
   1.3118018e+02
  -2.1554026e+02
  -2.5207987e+02
   2.7732893e+02
  -1.4925212e+02
   5.1158279e+01
   3.5131347e+01
   6.4246018e+01
   1.5925648e+02
   2.0805585e+02
   1.2440711e+02
   8.9667985e+01
   1.6760879e+02
  -1.9479229e+01
  -2.2127148e+02
   3.5578461e+01
  -2.7807745e+02
   5.5289514e+01
  -1.1061876e+02
  -2.0112128e+02
   3.3386816e+02
  -7.4278340e+01
   7.7565136e+01
  -1.4802757e+02
  -7.5206989e+00
   1.8649294e+02
  -1.0346584e+02
  -6.8792573e+01
  -7.7703397e+01
  -1.4460732e+00
   8.5001815e+01
   6.1675909e+01
  -1.3704128e+02
  -1.4510033e+02
  -6.0151720e+01
   8.3628400e+01
  -9.6076672e+01
  -2.2200715e+02
  -1.8318657e+02
  -1.0735323e+02
   1.5885083e+02
  -3.4569201e+02
  -3.3320921e+01
  -1.1995151e+02
  -3.1652543e+02
   3.1365899e+02
   1.3304863e+02
   9.5661367e+01
  -1.2920506e+02
   3.8790999e+00
   1.4560829e+01
   8.7918612e+01
  -1.5550409e+02
  -1.3863729e+02
   6.7328434e+01
  -2.2956047e+02
   4.5606380e+01
  -1.5710727e+02
   1.4836282e+01
   1.6968236e+01
  -1.5583822e+02
  -6.1068880e+01
  -1.9279404e+02
   1.7252708e+02
  -1.9762613e+02
   1.0984660e+01
   1.5272176e+01
  -1.5357159e+02
   7.3309359e+01
  -2.1797407e+02
  -3.8401012e+00
   3.1282132e+02
   1.2875489e+02
   7.5028583e+01
  -8.1932837e+01
  -7.2027216e+00
  -2.2189504e-01
  -1.2125372e+02
   2.8034695e+02
  -1.3134333e+02
  -1.6909695e+02
   1.8184894e+02
  -1.9708406e+02
   2.3335468e+02
  -1.6864498e+02
  -3.0231070e+02
  -1.1413499e+02
   1.0321314e+02
   1.8178873e+02
   1.4647979e+01
   2.3714714e+02
  -2.0897969e+02
  -4.1533794e+01
   9.3818322e+01
   8.6995069e+01
  -2.1937889e+02
   5.7246503e+01
  -1.9988687e+01
  -2.2574132e+02
   2.5005639e+00
  -6.9856354e+01
   8.4856577e+01
  -3.3606865e+02
  -4.4655222e+01
  -5.7579078e+01
   1.5794174e+02
   3.3739370e+02
   3.1645106e+01
  -2.8738669e+02
   4.7398995e+00
  -8.1665435e+01
  -9.9276802e+01
  -2.3529693e+02
  -1.7962216e+02
   3.2126677e+01
  -1.9583747e+02
   1.0728212e+02
   1.1323077e+02
   1.2492848e+02
  -1.5342565e+02
   1.1011694e+02
  -3.0820855e+01
  -2.0701908e+02
  -7.6849265e+01
  -1.7509334e+02
   3.3000070e+01
  -2.0638457e+01
   1.3573438e-02
   7.6738683e+01
  -5.3341046e+01
  -1.7374283e+02
   1.6766270e+02
   1.7144708e+02
  -2.0915205e+02
   1.0551674e+02
   1.2914371e+02
  -1.9040365e+02
  -1.0477376e+01
   5.1197596e+01
   4.4069952e+01
  -3.2305313e+01
   1.2899171e+01
   2.3102167e+02
  -6.1735005e+01
   1.8419788e+02
  -9.9925469e+00
   9.9452997e+01
   2.6532883e+02
  -1.6514397e+02
  -1.6035480e+02
  -1.4600637e+02
  -2.9743786e+02
   2.0509228e+02
  -1.3736389e+01
   4.2240645e+01
   1.0900259e+02
  -1.9988840e+02
   2.1073628e+02
   1.9277156e+02
   1.1846304e+02
   2.0527369e+02
  -1.8172153e+01
   2.1713923e+01
   2.6808909e+02
   2.9490170e+02
  -1.9412950e+01
  -4.8775406e+01
   1.2952089e+02
  -1.1624736e+02
  -5.1335670e+01
  -1.5799593e+02
   1.9538777e+02
   1.3528457e+02
   1.2315296e+02
  -1.4070254e+02
  -2.4351302e+00
   1.3301172e+02
   3.4538273e+01
   1.0352459e+02
  -4.0517838e+01
  -2.3778688e+02
  -2.6775257e+02
   2.0158942e+02
   4.2801874e+01
  -3.5639813e+01
   2.8534705e+01
  -1.5140535e+02
   3.0459981e+02
  -1.8919373e+02
  -3.1239875e+01
  -1.5610365e+02
   1.3151459e+02
   1.8669823e+02
   6.5999857e+01
   1.8222741e+02
  -6.1520442e+01
  -3.0612683e+02
   2.6955728e+02
  -2.8090705e+01
  -1.3220929e+02
  -1.1489524e+01
  -6.0439039e+01
  -2.5556867e+02
  -1.5388334e+02
   2.1697800e+02
  -1.0698913e+02
  -1.1314896e+02
   2.6300369e+02
  -1.5945942e+02
   8.2520525e+01
   9.0125426e+01
   9.6683228e+01
  -1.2365734e+02
   2.2833324e+02
  -6.1920112e+01
  -1.5705561e+02
  -2.2945282e+02
  -2.6757493e+02
  -1.2131031e+02
  -1.1956909e+02
  -8.8644925e+01
  -4.2843123e+01
  -1.7535901e+01
   6.4506623e+01
  -2.7748777e+02
   6.0301211e+01
   2.7534923e+02
  -1.1238531e+02
  -1.1254527e+01
  -1.6146356e+02
   1.4773008e+01
  -3.3802371e+01
   5.0538272e+01
  -5.5770495e+01
   1.7771516e+02
  -4.5289286e+01
   2.6546663e+02
  -7.5377583e+01
   6.8371959e+00
   3.7672418e+01
  -2.6452447e+02
   2.4082994e+02
   2.0087080e+02
  -4.2149712e+01
  -2.6823474e+02
  -8.4311688e+01
  -7.4518607e+01
  -2.7603211e+02
   1.2977555e+02
  -1.0003531e+02
  -2.1876105e+02
   1.1257977e+01
  -3.1084036e+02
  -2.2530021e+02
   2.8156265e+01
  -1.4243122e+02
  -1.7858823e+02
  -2.3908395e+01
   3.1316875e+01
  -1.8405411e+02
   3.3811266e+02
  -1.1161583e+02
  -2.1802872e+02
